0.01, -0.02279873, 0, 76.39454, 1.367224, 0.0001558124740852184163456612, 228372.9, -2049.006, -2.760395, 0.009587237, 0.1104846, 802.8939, 1.782747, 0.9483804, 12.48493
 
0.02, 0.6759793, -0.0002279873, 77.77834, 2.740141, -0.0046101079004997963809096313, 228619.8, -2049.099, -2.760395, 0.009587237, 0.1104846, 803.6816, 1.781898, 0.9476091, 12.49723
 
0.03, 0.5569937, 0.006531805, 77.81975, 2.750782, -0.0040812736734247954211142596, 228868.5, -2049.729, -2.760395, 0.009587237, 0.1104846, 804.4733, 1.781664, 0.9468378, 12.50953
 
0.04, 0.3521121, 0.01210174, 77.86034, 2.760782, -0.0029160820165813393024245205, 229118.8, -2050.349, -2.760395, 0.009587237, 0.1104846, 805.2686, 1.781493, 0.9460665, 12.52183
 
0.05, 0.09242095, 0.01562286, 77.90132, 2.771129, -0.0012920282982018285199689010, 229370.7, -2050.965, -2.760395, 0.009587237, 0.1104846, 806.0674, 1.781368, 0.9452952, 12.53413
 
0.05999999, -0.1826441, 0.01654707, 77.94188, 2.781163, 0.0005439347667712229893208885, 229624.4, -2051.573, -2.760395, 0.009587237, 0.1104846, 806.8701, 1.781152, 0.944524, 12.54643
 
0.06999999, -0.4308774, 0.01472063, 77.98273, 2.791546, 0.0023113503571170331742367051, 229879.6, -2052.174, -2.760395, 0.009587237, 0.1104846, 807.6763, 1.780681, 0.9437526, 12.55873
 
0.07999999, -0.6143281, 0.01041186, 78.02361, 2.801946, 0.0037407727493974202162149972, 230136.7, -2052.769, -2.760395, 0.009587237, 0.1104846, 808.4864, 1.780242, 0.9429813, 12.57103
 
0.08999999, -0.7045954, 0.004268577, 78.06406, 2.812033, 0.0046117920797448439968349187, 230395.4, -2053.356, -2.760395, 0.009587237, 0.1104846, 809.3, 1.779858, 0.9422101, 12.58333
 
0.09999999, -0.6875247, -0.002777377, 78.10446, 2.822138, 0.0047895794877711425423723676, 230655.7, -2053.937, -2.760395, 0.009587237, 0.1104846, 810.1174, 1.779543, 0.9414387, 12.59563
 
0.11, -0.5651425, -0.009652624, 78.14548, 2.832924, 0.0042440528253287865309950145, 230917.8, -2054.51, -2.760395, 0.009587237, 0.1104846, 810.9385, 1.7793, 0.9406675, 12.60793
 
0.12, -0.3554931, -0.01530405, 78.18581, 2.843063, 0.0030552711357085685787226158, 231181.5, -2055.077, -2.760395, 0.009587237, 0.1104846, 811.7633, 1.779122, 0.9398962, 12.62024
 
0.13, -0.09031839, -0.01885898, 78.22612, 2.85322, 0.0014038459059910953802368581, 231447, -2055.637, -2.760395, 0.009587237, 0.1104846, 812.5919, 1.778989, 0.9391249, 12.63254
 
0.14, 0.1901304, -0.01976216, 78.26699, 2.864061, -0.0004592589189064123398663060, 231714.3, -2056.188, -2.760395, 0.009587237, 0.1104846, 813.4244, 1.778782, 0.9383536, 12.64484
 
0.15, 0.4427976, -0.01786086, 78.30751, 2.874587, -0.0022493730072202415184495013, 231983.3, -2056.733, -2.760395, 0.009587237, 0.1104846, 814.2607, 1.778296, 0.9375823, 12.65714
 
0.16, 0.6289408, -0.01343288, 78.34797, 2.885131, -0.0036929908848563019440657988, 232254, -2057.271, -2.760395, 0.009587237, 0.1104846, 815.1008, 1.777844, 0.936811, 12.66944
 
0.17, 0.719556, -0.007143474, 78.38847, 2.895693, -0.0045663298312722154292257235, 232526.5, -2057.804, -2.760395, 0.009587237, 0.1104846, 815.9447, 1.777449, 0.9360397, 12.68174
 
0.18, 0.7004005, 5.208586E-05, 78.42883, 2.906274, -0.0047340262416845753585427465, 232800.8, -2058.327, -2.760395, 0.009587237, 0.1104846, 816.7925, 1.777123, 0.9352685, 12.69404
 
0.19, 0.5740317, 0.007056091, 78.46957, 2.917207, -0.0041690319496899019682974761, 233076.8, -2058.845, -2.760395, 0.009587237, 0.1104846, 817.6443, 1.776872, 0.9344972, 12.70634
 
0.2, 0.3590275, 0.01279641, 78.50983, 2.927824, -0.0029540376315208216285431287, 233354.5, -2059.354, -2.760395, 0.009587237, 0.1104846, 818.4997, 1.776685, 0.933726, 12.71864
 
0.21, 0.08781839, 0.01638668, 78.55014, 2.938459, -0.0012728809317818119428156350, 233634.1, -2059.858, -2.760395, 0.009587237, 0.1104846, 819.3593, 1.776544, 0.9329546, 12.73094
 
0.22, -0.1982446, 0.01726487, 78.5907, 2.949449, 0.0006177562883512228829538156, 233915.5, -2060.354, -2.760395, 0.009587237, 0.1104846, 820.2226, 1.776298, 0.9321833, 12.74324
 
0.23, -0.455383, 0.01528242, 78.63078, 2.960121, 0.0024299607937737757929335604, 234198.4, -2060.841, -2.760395, 0.009587237, 0.1104846, 821.0895, 1.775797, 0.931412, 12.75554
 
0.24, -0.6439962, 0.01072859, 78.67091, 2.970811, 0.0038856181766447471874808465, 234483, -2061.323, -2.760395, 0.009587237, 0.1104846, 821.9602, 1.775332, 0.9306407, 12.76784
 
0.25, -0.7348357, 0.004288627, 78.71087, 2.981519, 0.0047600203324079158841335060, 234769.2, -2061.797, -2.760395, 0.009587237, 0.1104846, 822.8345, 1.774924, 0.9298695, 12.78014
 
0.26, -0.7135859, -0.00305973, 78.75125, 2.992583, 0.0049174358807667218370723887, 235057.2, -2062.266, -2.760395, 0.009587237, 0.1104846, 823.7126, 1.774589, 0.9290981, 12.79244
 
0.27, -0.5827344, -0.01019559, 78.79149, 3.003666, 0.0043298684155907296358570209, 235346.8, -2062.727, -2.760395, 0.009587237, 0.1104846, 824.5943, 1.774328, 0.9283269, 12.80474
 
0.28, -0.3617197, -0.01602293, 78.83133, 3.01443, 0.0030845609959401967765468721, 235638, -2063.182, -2.760395, 0.009587237, 0.1104846, 825.4798, 1.774134, 0.9275556, 12.81704
 
0.29, -0.08397717, -0.01964013, 78.87181, 3.025889, 0.0013705635865555842824211971, 235931, -2063.629, -2.760395, 0.009587237, 0.1104846, 826.3691, 1.773987, 0.9267843, 12.82934
 
0.3, 0.2083705, -0.0204799, 78.91154, 3.036691, -0.0005519637433176309106091772, 236225.8, -2064.069, -2.760395, 0.009587237, 0.1104846, 827.2623, 1.773746, 0.926013, 12.84164
 
0.31, 0.4703155, -0.0183962, 78.9519, 3.048189, -0.0023885801633719096355398808, 236522.2, -2064.502, -2.760395, 0.009587237, 0.1104846, 828.1594, 1.773231, 0.9252417, 12.85394
 
0.32, 0.6614342, -0.01369304, 78.99152, 3.059027, -0.0038570074641040909904180731, 236820.4, -2064.928, -2.760395, 0.009587237, 0.1104846, 829.0602, 1.772753, 0.9244704, 12.86624
 
0.33, 0.7520661, -0.007078699, 79.03146, 3.070224, -0.0047304325633568129675232844, 237120.3, -2065.348, -2.760395, 0.009587237, 0.1104846, 829.9647, 1.772334, 0.9236991, 12.87854
 
0.3399999, 0.7277994, 0.0004419617, 79.07127, 3.08144, -0.0048725311552749294085907026, 237421.8, -2065.76, -2.760395, 0.009587237, 0.1104846, 830.873, 1.771989, 0.9229279, 12.89084
 
0.3499999, 0.5918815, 0.007719955, 79.111, 3.092676, -0.0042596819806601826100310612, 237725, -2066.165, -2.760395, 0.009587237, 0.1104846, 831.7852, 1.77172, 0.9221566, 12.90314
 
0.3599999, 0.3643017, 0.01363877, 79.1504, 3.103588, -0.0029816956190144723923582641, 238030, -2066.564, -2.760395, 0.009587237, 0.1104846, 832.7013, 1.771519, 0.9213853, 12.91544
 
0.3699999, 0.0793606, 0.01728179, 79.19036, 3.115203, -0.0012317665392823473363253205, 238336.8, -2066.954, -2.760395, 0.009587237, 0.1104846, 833.6212, 1.771365, 0.920614, 12.92774
 
0.3799999, -0.2194466, 0.01807539, 79.22997, 3.126496, 0.0007227058464820344976812671, 238645.2, -2067.339, -2.760395, 0.009587237, 0.1104846, 834.5449, 1.771082, 0.9198427, 12.94004
 
0.3899999, -0.4861829, 0.01588093, 79.26944, 3.137807, 0.0025828671524667834664027558, 238955.3, -2067.716, -2.760395, 0.009587237, 0.1104846, 835.4725, 1.770552, 0.9190714, 12.95234
 
0.3999999, -0.6796994, 0.0110191, 79.30927, 3.149482, 0.0040627908628071330517743418, 239267.3, -2068.087, -2.760395, 0.009587237, 0.1104846, 836.4039, 1.770061, 0.9183001, 12.96464
 
0.4099999, -0.7698701, 0.004222103, 79.34865, 3.160832, 0.0049333196422394137019000722, 239581, -2068.45, -2.760395, 0.009587237, 0.1104846, 837.3395, 1.769631, 0.9175289, 12.97694
 
0.4199999, -0.7422535, -0.003476597, 79.38831, 3.172545, 0.0050579309243207143716858229, 239896.5, -2068.806, -2.760395, 0.009587237, 0.1104846, 838.2787, 1.769276, 0.9167575, 12.98924
 
0.4299999, -0.6005514, -0.01089913, 79.42757, 3.183934, 0.0044153132539764533559740939, 240213.7, -2069.155, -2.760395, 0.009587237, 0.1104846, 839.2221, 1.769, 0.9159863, 13.00154
 
0.4399998, -0.3656722, -0.01690465, 79.46711, 3.195688, 0.0031000856115219426961056035, 240532.8, -2069.497, -2.760395, 0.009587237, 0.1104846, 840.1695, 1.768792, 0.915215, 13.01385
 
0.4499998, -0.07306843, -0.02056137, 79.50617, 3.207115, 0.0013113604900328188753037738, 240853.6, -2069.83, -2.760395, 0.009587237, 0.1104846, 841.1207, 1.768631, 0.9144437, 13.02614
 
0.4599998, 0.2326894, -0.02129205, 79.54565, 3.218908, -0.0006781805207805343359866722, 241176.1, -2070.16, -2.760395, 0.009587237, 0.1104846, 842.0759, 1.76835, 0.9136724, 13.03845
 
0.4699998, 0.5045783, -0.01896516, 79.58459, 3.230375, -0.0025643315457893949160158341, 241500.5, -2070.479, -2.760395, 0.009587237, 0.1104846, 843.0352, 1.767806, 0.9129011, 13.05075
 
0.4799998, 0.7003809, -0.01391938, 79.62386, 3.242207, -0.0040555354374140990210825494, 241826.7, -2070.793, -2.760395, 0.009587237, 0.1104846, 843.9982, 1.767301, 0.9121298, 13.06305
 
0.4899998, 0.7897432, -0.006915567, 79.6627, 3.253713, -0.0049217715578783872231935623, 242154.6, -2071.099, -2.760395, 0.009587237, 0.1104846, 844.9653, 1.766859, 0.9113585, 13.07535
 
0.4999998, 0.7582229, 0.0009818643, 79.70184, 3.265585, -0.0050264974929571342628653434, 242484.4, -2071.399, -2.760395, 0.009587237, 0.1104846, 845.9365, 1.766496, 0.9105873, 13.08765
 
0.5099998, 0.6099404, 0.008564093, 79.74088, 3.277477, -0.0043503988953772599367130553, 242816, -2071.69, -2.760395, 0.009587237, 0.1104846, 846.9119, 1.766211, 0.909816, 13.09995
 
0.5199998, 0.3668874, 0.0146635, 79.77985, 3.289389, -0.0029937767121089954096856834, 243149.3, -2071.975, -2.760395, 0.009587237, 0.1104846, 847.8911, 1.765997, 0.9090447, 13.11225
 
0.5299998, 0.06565065, 0.01833237, 79.81876, 3.301321, -0.0011613860571724059985097576, 243484.6, -2072.252, -2.760395, 0.009587237, 0.1104846, 848.8745, 1.765831, 0.9082734, 13.12455
 
0.5399998, -0.2476338, 0.01898888, 79.85789, 3.313622, 0.0008659154740000454907041004, 243821.6, -2072.522, -2.760395, 0.009587237, 0.1104846, 849.8619, 1.765503, 0.9075021, 13.13685
 
0.5499998, -0.5247214, 0.01651254, 79.89635, 3.325247, 0.0027777772826985998197312341, 244160.6, -2072.786, -2.760395, 0.009587237, 0.1104846, 850.8535, 1.764943, 0.9067308, 13.14915
 
0.5599998, -0.7226523, 0.01126532, 79.93531, 3.337589, 0.0042789670093213787997283782, 244501.2, -2073.041, -2.760395, 0.009587237, 0.1104846, 851.8489, 1.764425, 0.9059595, 13.16145
 
0.5699998, -0.810608, 0.004038801, 79.97394, 3.349602, 0.0051370650537285208104498782, 244843.7, -2073.29, -2.760395, 0.009587237, 0.1104846, 852.8486, 1.763972, 0.9051883, 13.17375
 
0.5799997, -0.7742915, -0.004067278, 80.01209, 3.361285, 0.0052163634750974961098177450, 245187.9, -2073.531, -2.760395, 0.009587237, 0.1104846, 853.8522, 1.7636, 0.9044169, 13.18605
 
0.5899997, -0.6184242, -0.01181019, 80.05096, 3.373688, 0.0045005959530607389765909826, 245534.3, -2073.767, -2.760395, 0.009587237, 0.1104846, 854.8602, 1.763309, 0.9036457, 13.19835
 
0.5999997, -0.36619, -0.01799443, 80.08936, 3.385762, 0.0030963305673377761980526290, 245882.4, -2073.994, -2.760395, 0.009587237, 0.1104846, 855.8723, 1.763088, 0.9028744, 13.21065
 
0.6099997, -0.05571285, -0.02165633, 80.12758, 3.397856, 0.0012164488768086240372198274, 246232.2, -2074.213, -2.760395, 0.009587237, 0.1104846, 856.8882, 1.762916, 0.9021031, 13.22295
 
0.6199997, 0.2655496, -0.02221346, 80.16619, 3.410322, -0.0008515728584460788567536024, 246584, -2074.427, -2.760395, 0.009587237, 0.1104846, 857.9086, 1.762585, 0.9013318, 13.23525
 
0.6299997, 0.5480233, -0.01955796, 80.20432, 3.422457, -0.0027906384837634741726086517, 246937.7, -2074.632, -2.760395, 0.009587237, 0.1104846, 858.9332, 1.76201, 0.9005605, 13.24755
 
0.6399997, 0.747858, -0.01407773, 80.24275, 3.434964, -0.0043010759073534395987561057, 247293.3, -2074.83, -2.760395, 0.009587237, 0.1104846, 859.9619, 1.761478, 0.8997893, 13.25985
 
0.6499997, 0.8335926, -0.006599151, 80.28075, 3.44714, -0.0051469007474640973571677143, 247650.7, -2075.021, -2.760395, 0.009587237, 0.1104846, 860.9947, 1.761015, 0.8990179, 13.27215
 
0.6599997, 0.7914218, 0.001736775, 80.31898, 3.459689, -0.0051953109312772777570794824, 248010, -2075.204, -2.760395, 0.009587237, 0.1104846, 862.0318, 1.760633, 0.8982467, 13.28445
 
0.6699997, 0.6268954, 0.009650992, 80.35714, 3.472259, -0.0044344584562739006519330359, 248371.1, -2075.381, -2.760395, 0.009587237, 0.1104846, 863.0731, 1.760336, 0.8974754, 13.29675
 
0.6799996, 0.3644009, 0.01591995, 80.39528, 3.48485, -0.0029771214641151022060403752, 248734.2, -2075.551, -2.760395, 0.009587237, 0.1104846, 864.1185, 1.76011, 0.8967041, 13.30905
 
0.6899996, 0.04390702, 0.01956395, 80.43292, 3.497109, -0.0010460912207097579235194410, 249099.3, -2075.712, -2.760395, 0.009587237, 0.1104846, 865.1685, 1.759933, 0.8959328, 13.32135
 
0.6999996, -0.2858499, 0.02000302, 80.47084, 3.509741, 0.0010650186615259603716074378, 249466.1, -2075.867, -2.760395, 0.009587237, 0.1104846, 866.2224, 1.759549, 0.8951616, 13.33365
 
0.7099996, -0.5735783, 0.01714453, 80.50832, 3.522041, 0.0030300175303248032338624190, 249834.9, -2076.013, -2.760395, 0.009587237, 0.1104846, 867.2808, 1.758959, 0.8943902, 13.34595
 
0.7199996, -0.7746768, 0.01140874, 80.54613, 3.534716, 0.0045454846390377268956302708, 250205.7, -2076.155, -2.760395, 0.009587237, 0.1104846, 868.3433, 1.758414, 0.8936189, 13.35825
 
0.7299996, -0.8574203, 0.003661975, 80.5838, 3.547412, 0.0053742557586707995444832214, 250578.2, -2076.288, -2.760395, 0.009587237, 0.1104846, 869.41, 1.75794, 0.8928477, 13.37055
 
0.7399996, -0.8084142, -0.004912228, 80.62139, 3.56013, 0.0053858761585508437104000880, 250952.7, -2076.413, -2.760395, 0.009587237, 0.1104846, 870.481, 1.757551, 0.8920763, 13.38285
 
0.7499996, -0.634132, -0.01299637, 80.6589, 3.572868, 0.0045734081062395319653175673, 251329.2, -2076.532, -2.760395, 0.009587237, 0.1104846, 871.5565, 1.757247, 0.8913051, 13.39515
 
0.7599996, -0.3605081, -0.01933769, 80.69669, 3.585984, 0.0030578885899273105367737243, 251707.6, -2076.644, -2.760395, 0.009587237, 0.1104846, 872.6363, 1.757017, 0.8905337, 13.40745
 
0.7699996, -0.02899422, -0.02294277, 80.73363, 3.598409, 0.0010695672257597116875638854, 252088.1, -2076.745, -2.760395, 0.009587237, 0.1104846, 873.7206, 1.756835, 0.8897625, 13.41975
 
0.7799996, 0.3097178, -0.02323271, 80.77129, 3.611568, -0.0010876123092138498581088599, 252470.4, -2076.843, -2.760395, 0.009587237, 0.1104846, 874.8091, 1.75644, 0.8889912, 13.43206
 
0.7899995, 0.602824, -0.02013553, 80.80844, 3.624392, -0.0030797384280010114368975344, 252854.8, -2076.932, -2.760395, 0.009587237, 0.1104846, 875.902, 1.755833, 0.8882199, 13.44436
 
0.7999995, 0.8047584, -0.01410729, 80.84595, 3.637595, -0.0045984407754232334227755740, 253241.2, -2077.015, -2.760395, 0.009587237, 0.1104846, 876.9995, 1.755276, 0.8874487, 13.45666
 
0.8099995, 0.8837711, -0.006059711, 80.88256, 3.650104, -0.0054068321439951947584116625, 253629.5, -2077.089, -2.760395, 0.009587237, 0.1104846, 878.1013, 1.754792, 0.8866773, 13.46896
 
0.8199995, 0.8266996, 0.002778, 80.91981, 3.66335, -0.0053755821314765745023085233, 254019.7, -2077.156, -2.760395, 0.009587237, 0.1104846, 879.2074, 1.754395, 0.8859061, 13.48126
 
0.8299995, 0.6411753, 0.011045, 80.95663, 3.67626, -0.0045039158563422294373480104, 254411.9, -2077.216, -2.760395, 0.009587237, 0.1104846, 880.318, 1.754087, 0.8851348, 13.49356
 
0.8399995, 0.3551029, 0.01745675, 80.99372, 3.68955, -0.0029235745652974146401169261, 254806.2, -2077.269, -2.760395, 0.009587237, 0.1104846, 881.433, 1.753852, 0.8843635, 13.50586
 
0.8499995, 0.01174486, 0.02100778, 81.02996, 3.702143, -0.0008742161932744754660904972, 255202.2, -2077.314, -2.760395, 0.009587237, 0.1104846, 882.5522, 1.753666, 0.8835922, 13.51816
 
0.8599995, -0.336269, 0.02112523, 81.06721, 3.715837, 0.0013302631917497525371071098, 255600.3, -2077.352, -2.760395, 0.009587237, 0.1104846, 883.676, 1.753212, 0.882821, 13.53046
 
0.8699995, -0.6347022, 0.01776254, 81.10328, 3.728472, 0.0033487889924310548166676643, 256000.4, -2077.382, -2.760395, 0.009587237, 0.1104846, 884.8042, 1.75259, 0.8820496, 13.54276
 
0.8799995, -0.8370402, 0.01141551, 81.14039, 3.742212, 0.0048680762255071728227979496, 256402.5, -2077.406, -2.760395, 0.009587237, 0.1104846, 885.9369, 1.75202, 0.8812783, 13.55506
 
0.8899994, -0.9111724, 0.003045113, 81.17707, 3.755612, 0.0056493213045693298256833450, 256806.7, -2077.425, -2.760395, 0.009587237, 0.1104846, 887.0741, 1.751526, 0.8805071, 13.56736
 
0.8999994, -0.8445621, -0.006066612, 81.21319, 3.768673, 0.0055666020275381927195046029, 257212.9, -2077.432, -2.760395, 0.009587237, 0.1104846, 888.2159, 1.751123, 0.8797357, 13.57966
 
0.9099994, -0.6465484, -0.01451223, 81.25001, 3.78248, 0.0046285958314885175907442583, 257621, -2077.435, -2.760395, 0.009587237, 0.1104846, 889.3621, 1.75081, 0.8789645, 13.59196
 
0.9199994, -0.3464989, -0.02097772, 81.286, 3.795584, 0.0029744035063146465803739347, 258031.3, -2077.429, -2.760395, 0.009587237, 0.1104846, 890.513, 1.750573, 0.8781931, 13.60426
 
0.9299994, 0.009811109, -0.02444271, 81.32188, 3.80871, 0.0008572088486451082231233060, 258443.6, -2077.416, -2.760395, 0.009587237, 0.1104846, 891.6685, 1.750383, 0.8774219, 13.61656
 
0.9399994, 0.367555, -0.0243446, 81.35841, 3.822585, -0.0013975316555964744254102959, 258857.9, -2077.396, -2.760395, 0.009587237, 0.1104846, 892.8284, 1.749908, 0.8766506, 13.62886
 
0.9499994, 0.6710467, -0.02066904, 81.39448, 3.836118, -0.0034414944072440085860430581, 259274.2, -2077.369, -2.760395, 0.009587237, 0.1104846, 893.9929, 1.74927, 0.8758793, 13.64116
 
0.9599994, 0.8726069, -0.01395858, 81.4301, 3.84931, -0.0049551958704408486909863446, 259692.7, -2077.334, -2.760395, 0.009587237, 0.1104846, 895.162, 1.748687, 0.8751081, 13.65346
 
0.9699994, 0.9404808, -0.005232509, 81.46594, 3.862888, -0.0057022185313722848064614153, 260113, -2077.293, -2.760395, 0.009587237, 0.1104846, 896.3356, 1.748185, 0.8743367, 13.66576
 
0.9799994, 0.8627661, 0.0041723, 81.5017, 3.876488, -0.0055600448224664180736946381, 260535.6, -2077.243, -2.760395, 0.009587237, 0.1104846, 897.5142, 1.747776, 0.8735655, 13.67806
 
0.9899994, 0.6505212, 0.01279996, 81.53771, 3.890476, -0.0045466708445339333699136896, 260960.2, -2077.186, -2.760395, 0.009587237, 0.1104846, 898.6971, 1.74746, 0.8727942, 13.69036
 
0.9999993, 0.3353479, 0.01930517, 81.57333, 3.904121, -0.0028131840378013123176203806, 261386.9, -2077.123, -2.760395, 0.009587237, 0.1104846, 899.8848, 1.74722, 0.8720229, 13.70266
 
1.009999, -0.03461834, 0.02265865, 81.60879, 3.917789, -0.0006251968402087727590981274, 261815.8, -2077.051, -2.760395, 0.009587237, 0.1104846, 901.0772, 1.747028, 0.8712516, 13.71496
 
1.019999, -0.4023531, 0.02231247, 81.64456, 3.931846, 0.0016806216593687336004630555, 262246.7, -2076.974, -2.760395, 0.009587237, 0.1104846, 902.2742, 1.746485, 0.8704804, 13.72726
 
1.029999, -0.7104918, 0.01828893, 81.67982, 3.945559, 0.0037472837631282545539895137, 262679.7, -2076.887, -2.760395, 0.009587237, 0.1104846, 903.476, 1.745831, 0.869709, 13.73956
 
1.039999, -0.9105096, 0.01118402, 81.71503, 3.959295, 0.0052509825277701445743846006, 263114.8, -2076.795, -2.760395, 0.009587237, 0.1104846, 904.6825, 1.745236, 0.8689377, 13.75186
 
1.049999, -0.9705095, 0.002078921, 81.75046, 3.97342, 0.0059545323527358147450165298, 263551.9, -2076.695, -2.760395, 0.009587237, 0.1104846, 905.8935, 1.744726, 0.8681664, 13.76416
 
1.059999, -0.8800265, -0.007626174, 81.78541, 3.987201, 0.0057435277513367024036839432, 263991.1, -2076.587, -2.760395, 0.009587237, 0.1104846, 907.1091, 1.744313, 0.8673951, 13.77646
 
1.069999, -0.651871, -0.01642644, 81.82069, 4.001373, 0.0046453099152583891412024822, 264432.6, -2076.473, -2.760395, 0.009587237, 0.1104846, 908.3298, 1.743994, 0.8666239, 13.78876
 
1.079999, -0.3202093, -0.02294515, 81.85545, 4.015199, 0.0028247581608501459901331092, 264876, -2076.351, -2.760395, 0.009587237, 0.1104846, 909.5549, 1.743753, 0.8658526, 13.80106
 
1.089999, 0.06444582, -0.02614724, 81.89012, 4.029047, 0.0005598306678845259723505524, 265321.5, -2076.223, -2.760395, 0.009587237, 0.1104846, 910.7849, 1.743558, 0.8650813, 13.81336
 
1.099999, 0.4424856, -0.02550278, 81.92505, 4.043288, -0.0017992889070010083121767151, 265769.3, -2076.086, -2.760395, 0.009587237, 0.1104846, 912.0197, 1.742982, 0.86431, 13.82566
 
1.109999, 0.7548578, -0.02107793, 81.95988, 4.057553, -0.0038869969503386325975085981, 266219.3, -2075.943, -2.760395, 0.009587237, 0.1104846, 913.2593, 1.742313, 0.8635387, 13.83797
 
1.119999, 0.9522593, -0.01352935, 81.99421, 4.071469, -0.0053756156789962156373343931, 266671.2, -2075.792, -2.760395, 0.009587237, 0.1104846, 914.5037, 1.741707, 0.8627675, 13.85027
 
1.129999, 1, -0.004006759, 82.02924, 4.086151, -0.0060290514838835300560344156, 267125.5, -2075.635, -2.760395, 0.009587237, 0.1104846, 915.7531, 1.74119, 0.8619961, 13.86257
 
1.139999, 0.8982224, 0.005993241, 82.06376, 4.100485, -0.0057413257131231217766705826, 267582, -2075.469, -2.760395, 0.009587237, 0.1104846, 917.0073, 1.740773, 0.8612249, 13.87487
 
1.149999, 0.6525889, 0.01497546, 82.09778, 4.114471, -0.0045512021840827378079202486, 268040.5, -2075.296, -2.760395, 0.009587237, 0.1104846, 918.2663, 1.740453, 0.8604535, 13.88717
 
1.159999, 0.3027772, 0.02150135, 82.1321, 4.128851, -0.0026357885299655715175733110, 268501.4, -2075.117, -2.760395, 0.009587237, 0.1104846, 919.5303, 1.740211, 0.8596823, 13.89947
 
1.169999, -0.0976451, 0.02452913, 82.16666, 4.143629, -0.0002891947677924212922733928, 268964.3, -2074.929, -2.760395, 0.009587237, 0.1104846, 920.799, 1.740014, 0.858911, 13.91177
 
1.179999, -0.4865291, 0.02355267, 82.20041, 4.157683, 0.0021255966186846807261990125, 269429.3, -2074.737, -2.760395, 0.009587237, 0.1104846, 922.0727, 1.73936, 0.8581398, 13.92407
 
1.189999, -0.8027692, 0.01868738, 82.23441, 4.172134, 0.0042320557283388293926608210, 269896.7, -2074.536, -2.760395, 0.009587237, 0.1104846, 923.3513, 1.738676, 0.8573684, 13.93637
 
1.199999, -0.996328, 0.01065969, 82.26826, 4.186609, 0.0056987325755457910914968196, 270366.1, -2074.327, -2.760395, 0.009587237, 0.1104846, 924.6346, 1.738059, 0.8565971, 13.94867
 
1.209999, -1, 0.000696413, 82.30197, 4.201107, 0.0062920951288155247657945530, 270837.7, -2074.111, -2.760395, 0.009587237, 0.1104846, 925.9229, 1.737535, 0.8558258, 13.96097
 
1.219999, -0.9190794, -0.009303587, 82.33566, 4.215629, 0.0059313335002097216903505053, 271311.4, -2073.89, -2.760395, 0.009587237, 0.1104846, 927.216, 1.737115, 0.8550546, 13.97327
 
1.229999, -0.6581693, -0.01849438, 82.3696, 4.230548, 0.0046653799673947089354257506, 271787.4, -2073.661, -2.760395, 0.009587237, 0.1104846, 928.5142, 1.736792, 0.8542833, 13.98557
 
1.239999, -0.2919446, -0.02507607, 82.40302, 4.245117, 0.0026694303642793908436566739, 272265.7, -2073.423, -2.760395, 0.009587237, 0.1104846, 929.8174, 1.736547, 0.853512, 13.99787
 
1.249999, 0.1237345, -0.02799552, 82.43638, 4.25971, 0.0002485610104613137158669363, 272746.3, -2073.18, -2.760395, 0.009587237, 0.1104846, 931.1259, 1.736349, 0.8527407, 14.01017
 
1.259999, 0.5241687, -0.02675818, 82.46994, 4.274702, -0.0022219071064508750182428483, 273229.1, -2072.928, -2.760395, 0.009587237, 0.1104846, 932.4393, 1.735667, 0.8519694, 14.02247
 
1.269999, 0.8461242, -0.02151649, 82.50345, 4.289719, -0.0043550330743017303475244146, 273714.3, -2072.669, -2.760395, 0.009587237, 0.1104846, 933.7578, 1.734965, 0.8511981, 14.03477
 
1.279999, 1, -0.01305525, 82.53603, 4.304006, -0.0058147233099429425611862048, 274201.6, -2072.404, -2.760395, 0.009587237, 0.1104846, 935.0814, 1.734336, 0.8504269, 14.04707
 
1.289999, 1, -0.003055247, 82.56969, 4.319448, -0.0063866080336937496934342078, 274691.2, -2072.132, -2.760395, 0.009587237, 0.1104846, 936.4099, 1.733803, 0.8496555, 14.05937
 
1.299999, 0.9558181, 0.006944752, 82.60209, 4.333782, -0.0060096993746013342842360823, 275183, -2071.852, -2.760395, 0.009587237, 0.1104846, 937.7436, 1.733372, 0.8488843, 14.07167
 
1.309999, 0.6867787, 0.01650293, 82.63544, 4.349273, -0.0047186945394320787192439184, 275677, -2071.564, -2.760395, 0.009587237, 0.1104846, 939.082, 1.73304, 0.8481129, 14.08397
 
1.319999, 0.3073715, 0.02337072, 82.66765, 4.363653, -0.0026721952066233805148974131, 276173.4, -2071.271, -2.760395, 0.009587237, 0.1104846, 940.4258, 1.732791, 0.8473417, 14.09627
 
1.329999, -0.1240898, 0.02644444, 82.70043, 4.378816, -0.0001856180938133504930763623, 276672.1, -2070.969, -2.760395, 0.009587237, 0.1104846, 941.7748, 1.732588, 0.8465704, 14.10857
 
1.339999, -0.5403239, 0.02520354, 82.72945, 4.390587, 0.0023549014280114359157268117, 277171.3, -2070.661, -2.760395, 0.009587237, 0.1104846, 943.126, 1.731871, 0.8457991, 14.12087
 
1.349999, -0.8757896, 0.0198003, 82.75455, 4.39858, 0.0045525056794659027718534803, 277671.2, -2070.352, -2.760395, 0.009587237, 0.1104846, 944.4796, 1.731151, 0.8450278, 14.13317
 
1.359999, -1, 0.0110424, 82.78016, 4.407343, 0.0060592789392730188538110555, 278171.8, -2070.038, -2.760395, 0.009587237, 0.1104846, 945.8356, 1.730505, 0.8442565, 14.14547
 
1.369999, -1, 0.001042402, 82.80441, 4.414974, 0.0066697152679047555648361034, 278673.1, -2069.721, -2.760395, 0.009587237, 0.1104846, 947.1942, 1.729958, 0.8434852, 14.15777
 
1.379999, -1, -0.008957597, 82.82971, 4.423758, 0.0063376826979537662518576640, 279175.3, -2069.402, -2.760395, 0.009587237, 0.1104846, 948.5553, 1.729514, 0.842714, 14.17007
 
1.389999, -0.7407962, -0.0189576, 82.854, 4.431789, 0.0050765664338346916046835064, 279678, -2069.081, -2.760395, 0.009587237, 0.1104846, 949.9187, 1.729172, 0.8419427, 14.18237
 
1.399999, -0.3534617, -0.02636556, 82.8784, 4.440212, 0.0030203438989852624224454870, 280181.3, -2068.755, -2.760395, 0.009587237, 0.1104846, 951.2845, 1.728917, 0.8411714, 14.19467
 
1.409999, 0.0935315, -0.02990017, 82.90269, 4.448646, 0.0004810816324475329272973804, 280685.4, -2068.428, -2.760395, 0.009587237, 0.1104846, 952.6528, 1.728717, 0.8404002, 14.20697
 
1.419999, 0.5305323, -0.02896486, 82.92635, 4.456707, -0.0021468703703767382855705489, 281190.3, -2068.097, -2.760395, 0.009587237, 0.1104846, 954.0237, 1.728049, 0.8396288, 14.21927
 
1.429999, 0.888353, -0.02365954, 82.95031, 4.46516, -0.0044510962113741234655670608, 281695.8, -2067.766, -2.760395, 0.009587237, 0.1104846, 955.3972, 1.72731, 0.8388576, 14.23158
 
1.439999, 1, -0.01477601, 82.974, 4.473624, -0.0060671913774181152010580629, 282202.1, -2067.429, -2.760395, 0.009587237, 0.1104846, 956.7729, 1.726647, 0.8380862, 14.24388
 
1.449999, 1, -0.004776007, 82.99706, 4.481716, -0.0067871213252700847683552829, 282708.8, -2067.091, -2.760395, 0.009587237, 0.1104846, 958.1512, 1.726082, 0.8373149, 14.25618
 
1.459999, 1, 0.005223993, 83.02034, 4.4902, -0.0065710992962020700204787600, 283216.3, -2066.749, -2.760395, 0.009587237, 0.1104846, 959.5316, 1.725621, 0.8365437, 14.26848
 
1.469999, 0.831838, 0.01522399, 83.04268, 4.497925, -0.0054322767626041025860906911, 283724.2, -2066.407, -2.760395, 0.009587237, 0.1104846, 960.9144, 1.725261, 0.8357723, 14.28078
 
1.479999, 0.4505264, 0.02354237, 83.06514, 4.506044, -0.0034615014685681501777710622, 284232.8, -2066.06, -2.760395, 0.009587237, 0.1104846, 962.2996, 1.724994, 0.8350011, 14.29308
 
1.489999, -0.005844846, 0.02804764, 83.08705, 4.513788, -0.0009241723422016720535793054, 284741.9, -2065.711, -2.760395, 0.009587237, 0.1104846, 963.687, 1.72479, 0.8342298, 14.30538
 
1.499999, -0.4661898, 0.02798919, 83.10912, 4.521926, 0.0017851424789564754143943164, 285251.7, -2065.36, -2.760395, 0.009587237, 0.1104846, 965.0769, 1.724206, 0.8334585, 14.31768
 
1.509999, -0.8576762, 0.02332729, 83.13106, 4.530074, 0.0042416607257261390411927057, 285761.9, -2065.008, -2.760395, 0.009587237, 0.1104846, 966.4689, 1.723444, 0.8326872, 14.32998
 
1.519999, -1, 0.01475053, 83.15237, 4.537845, 0.0060573795607854423576595329, 286272.8, -2064.653, -2.760395, 0.009587237, 0.1104846, 967.8635, 1.722753, 0.8319159, 14.34228
 
1.529999, -1, 0.004750529, 83.17382, 4.546011, 0.0069948945194267431871313372, 286784.3, -2064.294, -2.760395, 0.009587237, 0.1104846, 969.2604, 1.72216, 0.8311446, 14.35458
 
1.539999, -1, -0.00524947, 83.19514, 4.554187, 0.0070007886354123851086668872, 287296.3, -2063.935, -2.760395, 0.009587237, 0.1104846, 970.6594, 1.721669, 0.8303733, 14.36688
 
1.549999, -0.9535515, -0.01524947, 83.21587, 4.561985, 0.0060885505106352798122672940, 287809, -2063.573, -2.760395, 0.009587237, 0.1104846, 972.061, 1.721281, 0.8296021, 14.37918
 
1.559999, -0.592149, -0.02478499, 83.23677, 4.57018, 0.0042921346631216901156649573, 288322.2, -2063.208, -2.760395, 0.009587237, 0.1104846, 973.465, 1.720991, 0.8288308, 14.39148
 
1.569999, -0.1332657, -0.03070647, 83.25701, 4.577996, 0.0018106601449558810503587045, 288836, -2062.839, -2.760395, 0.009587237, 0.1104846, 974.8714, 1.720777, 0.8280596, 14.40378
 
1.579999, 0.3520767, -0.03203913, 83.2775, 4.58621, -0.0009717165929608971301465226, 289350.3, -2062.469, -2.760395, 0.009587237, 0.1104846, 976.28, 1.72038, 0.8272882, 14.41608
 
1.589999, 0.7869565, -0.02851837, 83.29784, 4.594432, -0.0036178497091379180781707691, 289865.2, -2062.098, -2.760395, 0.009587237, 0.1104846, 977.691, 1.719591, 0.826517, 14.42838
 
1.599999, 1, -0.0206488, 83.31755, 4.602276, -0.0057093741972275869516595709, 290380.7, -2061.724, -2.760395, 0.009587237, 0.1104846, 979.1045, 1.718864, 0.8257456, 14.44068
 
1.609999, 1, -0.0106488, 83.33742, 4.610519, -0.0069592233648141072937909960, 290896.7, -2061.347, -2.760395, 0.009587237, 0.1104846, 980.5203, 1.71823, 0.8249743, 14.45298
 
1.619999, 1, -0.0006488003, 83.35715, 4.61877, -0.0072811137326490299647046353, 291413.3, -2060.97, -2.760395, 0.009587237, 0.1104846, 981.9385, 1.7177, 0.8242031, 14.46528
 
1.629999, 1, 0.009351199, 83.37444, 4.627032, -0.0066881045475970008897887317, 291930.6, -2060.531, -2.760395, 0.009587237, 0.1104846, 983.3592, 1.717259, 0.8234317, 14.47758
 
1.639999, 0.7872295, 0.0193512, 83.38851, 4.634912, -0.0051931513444931880151904840, 292448.3, -2060.022, -2.760395, 0.009587237, 0.1104846, 984.7821, 1.716903, 0.8226605, 14.48988
 
1.649999, 0.3469543, 0.02722349, 83.40278, 4.643192, -0.0029056067636363714424410699, 292966.6, -2059.51, -2.760395, 0.009587237, 0.1104846, 986.2075, 1.716636, 0.8218892, 14.50218
 
1.659999, -0.1534657, 0.03069304, 83.41687, 4.651482, -0.0001321253658244482933189467, 293485.5, -2058.997, -2.760395, 0.009587237, 0.1104846, 987.6353, 1.716424, 0.8211179, 14.51448
 
1.669999, -0.6353235, 0.02915838, 83.43069, 4.659782, 0.0026933120299844953045759075, 294004.9, -2058.48, -2.760395, 0.009587237, 0.1104846, 989.0656, 1.71561, 0.8203466, 14.52678
 
1.679999, -1, 0.02280515, 83.44399, 4.667698, 0.0051258202895078894005026013, 294524.9, -2057.963, -2.760395, 0.009587237, 0.1104846, 990.4982, 1.714811, 0.8195753, 14.53908
 
1.689999, -1, 0.01280515, 83.45751, 4.676017, 0.0067864821005502496196113747, 295045.6, -2057.443, -2.760395, 0.009587237, 0.1104846, 991.9334, 1.714098, 0.818804, 14.55138
 
1.699999, -1, 0.002805145, 83.47072, 4.684346, 0.0075206033444477438918953264, 295566.7, -2056.92, -2.760395, 0.009587237, 0.1104846, 993.371, 1.713489, 0.8180327, 14.56368
 
1.709999, -1, -0.007194854, 83.48341, 4.692289, 0.0073410744252023911268672009, 296088.4, -2056.396, -2.760395, 0.009587237, 0.1104846, 994.811, 1.712983, 0.8172615, 14.57598
 
1.719999, -0.9950905, -0.01719485, 83.49667, 4.701032, 0.0062602914297222895147455705, 296610.8, -2055.869, -2.760395, 0.009587237, 0.1104846, 996.2537, 1.712578, 0.8164902, 14.58828
 
1.729999, -0.5956416, -0.02714576, 83.50895, 4.708993, 0.0042927204002118325291580009, 297133.8, -2055.34, -2.760395, 0.009587237, 0.1104846, 997.6987, 1.712273, 0.8157189, 14.60058
 
1.739999, -0.09693976, -0.03310218, 83.52142, 4.717361, 0.0016332868204098986991598073, 297657.4, -2054.809, -2.760395, 0.009587237, 0.1104846, 999.1465, 1.712046, 0.8149476, 14.61288
 
1.749999, 0.4232675, -0.03407158, 83.5337, 4.725737, -0.0013036093040874655847609614, 298181.5, -2054.276, -2.760395, 0.009587237, 0.1104846, 1000.597, 1.711555, 0.8141764, 14.62518
 
1.759999, 0.882547, -0.0298389, 83.54569, 4.734124, -0.0040570527198345707999386443, 298706, -2053.74, -2.760395, 0.009587237, 0.1104846, 1002.049, 1.710716, 0.813405, 14.63748
 
1.769999, 1, -0.02101343, 83.55759, 4.74252, -0.0061877982283357610326248622, 299231.4, -2053.202, -2.760395, 0.009587237, 0.1104846, 1003.504, 1.709947, 0.8126338, 14.64979
 
1.779999, 1, -0.01101343, 83.56886, 4.750528, -0.0074457574020488339135965574, 299757.1, -2052.663, -2.760395, 0.009587237, 0.1104846, 1004.962, 1.709276, 0.8118625, 14.66209
 
1.789999, 1, -0.001013432, 83.58029, 4.758944, -0.0077899412992537619498711174, 300283.5, -2052.121, -2.760395, 0.009587237, 0.1104846, 1006.422, 1.708708, 0.8110912, 14.67439
 
1.799999, 1, 0.008986568, 83.592, 4.767766, -0.0072342919493407296284288970, 300810.5, -2051.578, -2.760395, 0.009587237, 0.1104846, 1007.885, 1.708242, 0.8103199, 14.68669
 
1.809999, 0.9142869, 0.01898657, 83.60262, 4.775803, -0.0057899365536833353213076672, 301338.1, -2051.031, -2.760395, 0.009587237, 0.1104846, 1009.35, 1.707875, 0.8095486, 14.69899
 
1.819999, 0.4604342, 0.02812944, 83.61348, 4.784247, -0.0035081395932842762881518212, 301866.3, -2050.482, -2.760395, 0.009587237, 0.1104846, 1010.818, 1.707603, 0.8087773, 14.71129
 
1.829999, -0.07250621, 0.03273378, 83.62452, 4.7931, -0.0006403921529212690429889182, 302395, -2049.931, -2.760395, 0.009587237, 0.1104846, 1012.289, 1.707398, 0.808006, 14.72359
 
1.839999, -0.6004853, 0.03200872, 83.6354, 4.801964, 0.0023626558970088583390540924, 302924.4, -2049.379, -2.760395, 0.009587237, 0.1104846, 1013.762, 1.706672, 0.8072347, 14.73589
 
1.849999, -1, 0.02600387, 83.64571, 4.810438, 0.0050269675801254572356229192, 303454.7, -2048.825, -2.760395, 0.009587237, 0.1104846, 1015.238, 1.705839, 0.8064635, 14.74819
 
1.859999, -1, 0.01600387, 83.65621, 4.819322, 0.0069433767972958827135199115, 303985.6, -2048.268, -2.760395, 0.009587237, 0.1104846, 1016.717, 1.705091, 0.8056922, 14.76049
 
1.869999, -1, 0.006003866, 83.66653, 4.828217, 0.0079442612471556703391802715, 304517, -2047.709, -2.760395, 0.009587237, 0.1104846, 1018.198, 1.704446, 0.8049209, 14.77279
 
1.879999, -1, -0.003996134, 83.67621, 4.836722, 0.0080420609364656344220683597, 305049.1, -2047.148, -2.760395, 0.009587237, 0.1104846, 1019.682, 1.703902, 0.8041496, 14.78509
 
1.889999, -1, -0.01399613, 83.68611, 4.845638, 0.0072494561144692594970732367, 305581.8, -2046.585, -2.760395, 0.009587237, 0.1104846, 1021.169, 1.70346, 0.8033783, 14.79739
 
1.899999, -0.8598717, -0.02399613, 83.69582, 4.854564, 0.0055784481378897351865585856, 306115.2, -2046.019, -2.760395, 0.009587237, 0.1104846, 1022.659, 1.703117, 0.802607, 14.80969
 
1.909999, -0.3706179, -0.03259485, 83.70514, 4.8633, 0.0031037345846376114744306379, 306649.3, -2045.451, -2.760395, 0.009587237, 0.1104846, 1024.151, 1.702865, 0.8018357, 14.82199
 
1.919999, 0.1841131, -0.03630103, 83.7142, 4.872046, 0.0001158918025379155469637593, 307183.9, -2044.88, -2.760395, 0.009587237, 0.1104846, 1025.646, 1.702672, 0.8010644, 14.83429
 
1.929999, 0.7166751, -0.0344599, 83.72333, 4.881004, -0.0029158144704901897864843427, 307719.3, -2044.308, -2.760395, 0.009587237, 0.1104846, 1027.144, 1.70182, 0.8002931, 14.84659
 
1.939999, 1, -0.02729315, 83.73381, 4.891385, -0.0055100318031866201656059557, 308256, -2043.735, -2.760395, 0.009587237, 0.1104846, 1028.646, 1.700991, 0.7995219, 14.85889
 
1.949998, 1, -0.01729315, 83.7457, 4.903393, -0.0073121918510067645862559802, 308794.1, -2043.157, -2.760395, 0.009587237, 0.1104846, 1030.151, 1.700252, 0.7987506, 14.87119
 
1.959998, 1, -0.00729315, 83.75758, 4.915622, -0.0082074118921382009644632798, 309333.5, -2042.574, -2.760395, 0.009587237, 0.1104846, 1031.661, 1.699614, 0.7979793, 14.88349
 
1.969998, 1, 0.00270685, 83.76912, 4.927665, -0.0082088697938950080634833624, 309874.5, -2041.988, -2.760395, 0.009587237, 0.1104846, 1033.175, 1.699078, 0.797208, 14.89579
 
1.979998, 1, 0.01270685, 83.78048, 4.939724, -0.0073297886523776573516699195, 310416.9, -2041.396, -2.760395, 0.009587237, 0.1104846, 1034.693, 1.698641, 0.7964367, 14.90809
 
1.989998, 0.8791804, 0.02270685, 83.79173, 4.951801, -0.0055817251841521727697940443, 310960.5, -2040.804, -2.760395, 0.009587237, 0.1104846, 1036.215, 1.698303, 0.7956654, 14.92039
 
1.999998, 0.3702886, 0.03149865, 83.80293, 4.964097, -0.0030286486472595691625753496, 311505.6, -2040.205, -2.760395, 0.009587237, 0.1104846, 1037.741, 1.698055, 0.7948942, 14.93269
 
2.009999, -0.204619, 0.03520154, 83.81386, 4.976207, 0.0000398164267829111350600833, 312052.2, -2039.603, -2.760395, 0.009587237, 0.1104846, 1039.271, 1.697858, 0.7941229, 14.94499
 
2.019999, -0.7544346, 0.03315535, 83.82454, 4.988334, 0.0031406020203574577192234597, 312600, -2038.997, -2.760395, 0.009587237, 0.1104846, 1040.805, 1.696965, 0.7933516, 14.95729
 
2.029999, -1, 0.025611, 83.83523, 5.000681, 0.0057805828132182526284475495, 313149.2, -2038.386, -2.760395, 0.009587237, 0.1104846, 1042.344, 1.696123, 0.7925803, 14.96959
 
2.039999, -1, 0.015611, 83.84564, 5.012843, 0.0076169672506502884729952771, 313699.9, -2037.774, -2.760395, 0.009587237, 0.1104846, 1043.886, 1.695373, 0.791809, 14.98189
 
2.049999, -1, 0.005611002, 83.85587, 5.025021, 0.0085535496127135125483797367, 314252, -2037.157, -2.760395, 0.009587237, 0.1104846, 1045.433, 1.694725, 0.7910377, 14.99419
 
2.059999, -1, -0.004388997, 83.8672, 5.03844, 0.0086027641497734644429340438, 314806, -2036.536, -2.760395, 0.009587237, 0.1104846, 1046.984, 1.694177, 0.7902664, 15.00649
 
2.069999, -1, -0.014389, 83.87933, 5.052901, 0.0077771244352367214433172631, 315361.8, -2035.908, -2.760395, 0.009587237, 0.1104846, 1048.54, 1.693728, 0.7894951, 15.01879
 
2.079998, -0.974068, -0.024389, 83.89123, 5.067179, 0.0060902493597202393124469090, 315919.5, -2035.278, -2.760395, 0.009587237, 0.1104846, 1050.101, 1.693377, 0.7887238, 15.03109
 
2.089998, -0.4603491, -0.03412968, 83.90305, 5.081682, 0.0035641994162341257089644122, 316479.1, -2034.641, -2.760395, 0.009587237, 0.1104846, 1051.667, 1.69312, 0.7879525, 15.0434
 
2.099998, 0.1343596, -0.03873317, 83.91486, 5.096207, 0.0004458341361341240984221368, 317040.7, -2034.001, -2.760395, 0.009587237, 0.1104846, 1053.239, 1.692932, 0.7871813, 15.0557
 
2.109998, 0.7159776, -0.03738957, 83.92639, 5.110753, -0.0027740545131080269626572198, 317604, -2033.354, -2.760395, 0.009587237, 0.1104846, 1054.815, 1.692118, 0.78641, 15.068
 
2.119998, 1, -0.03022979, 83.93767, 5.125116, -0.0055817334223265925051599918, 318169.4, -2032.704, -2.760395, 0.009587237, 0.1104846, 1056.396, 1.69125, 0.7856386, 15.0803
 
2.129998, 1, -0.02022979, 83.94896, 5.139705, -0.0076074492370234117390429556, 318736.6, -2032.048, -2.760395, 0.009587237, 0.1104846, 1057.982, 1.69047, 0.7848673, 15.0926
 
2.139998, 1, -0.01022979, 83.9603, 5.154521, -0.0087393055243868544565845098, 319305.8, -2031.387, -2.760395, 0.009587237, 0.1104846, 1059.573, 1.689791, 0.7840961, 15.1049
 
2.149998, 1, -0.0002297945, 83.9711, 5.168947, -0.0089891650424699889584777345, 319876.9, -2030.722, -2.760395, 0.009587237, 0.1104846, 1061.17, 1.689212, 0.7833248, 15.1172
 
2.159998, 1, 0.009770205, 83.98177, 5.183394, -0.0083694223139535562184558831, 320449.9, -2030.052, -2.760395, 0.009587237, 0.1104846, 1062.771, 1.688732, 0.7825536, 15.1295
 
2.169998, 1, 0.01977021, 83.99242, 5.198069, -0.0068923910436808690714956154, 321024.8, -2029.376, -2.760395, 0.009587237, 0.1104846, 1064.377, 1.688348, 0.7817823, 15.1418
 
2.179998, 0.6784183, 0.0297702, 84.00379, 5.213592, -0.0045702797165357017099718502, 321601.8, -2028.695, -2.760395, 0.009587237, 0.1104846, 1065.989, 1.688061, 0.781011, 15.1541
 
2.189998, 0.08477426, 0.03655439, 84.01522, 5.229345, -0.0015540951864799362775706358, 322181, -2028.01, -2.760395, 0.009587237, 0.1104846, 1067.607, 1.687854, 0.7802397, 15.1664
 
2.199998, -0.5311916, 0.03740213, 84.02655, 5.245122, 0.0017514470695109504778957988, 322762.3, -2027.319, -2.760395, 0.009587237, 0.1104846, 1069.229, 1.687276, 0.7794684, 15.1787
 
2.209998, -1, 0.03209021, 84.03796, 5.26113, 0.0048211113182629159298975986, 323346, -2026.624, -2.760395, 0.009587237, 0.1104846, 1070.858, 1.686368, 0.7786971, 15.191
 
2.219998, -1, 0.02209021, 84.04915, 5.277162, 0.0071900154326302965398310260, 323931.8, -2025.921, -2.760395, 0.009587237, 0.1104846, 1072.492, 1.68554, 0.7779258, 15.2033
 
2.229998, -1, 0.01209021, 84.06008, 5.29301, 0.0086680466887380369787137180, 324519.8, -2025.215, -2.760395, 0.009587237, 0.1104846, 1074.132, 1.684813, 0.7771545, 15.2156
 
2.239998, -1, 0.002090214, 84.07101, 5.30909, 0.0092666990428348253513530638, 325110.1, -2024.503, -2.760395, 0.009587237, 0.1104846, 1075.777, 1.684185, 0.7763832, 15.2279
 
2.249998, -1, -0.007909786, 84.08186, 5.325193, 0.0089985257365689395398212501, 325702.6, -2023.786, -2.760395, 0.009587237, 0.1104846, 1077.428, 1.683656, 0.7756119, 15.2402
 
2.259998, -1, -0.01790979, 84.09231, 5.341113, 0.0078758837919574991319289604, 326297.2, -2023.064, -2.760395, 0.009587237, 0.1104846, 1079.084, 1.683224, 0.7748407, 15.2525
 
2.269998, -0.9491535, -0.02790979, 84.10281, 5.357265, 0.0059109756590060890662497629, 326894.2, -2022.334, -2.760395, 0.009587237, 0.1104846, 1080.747, 1.682888, 0.7740694, 15.2648
 
2.279998, -0.3806422, -0.03740132, 84.1132, 5.373441, 0.0031385858662269946840470288, 327493.1, -2021.603, -2.760395, 0.009587237, 0.1104846, 1082.414, 1.682645, 0.773298, 15.2771
 
2.289998, 0.2577806, -0.04120774, 84.12318, 5.389432, -0.0001658868119969537681157627, 328094.3, -2020.864, -2.760395, 0.009587237, 0.1104846, 1084.088, 1.682424, 0.7725268, 15.2894
 
2.299998, 0.8643053, -0.03862994, 84.13369, 5.406075, -0.0034795661443566719634437948, 328698, -2020.119, -2.760395, 0.009587237, 0.1104846, 1085.767, 1.681477, 0.7717555, 15.3017
 
2.309998, 1, -0.02998689, 84.14432, 5.422952, -0.0062701368958867095009820160, 329304.1, -2019.371, -2.760395, 0.009587237, 0.1104846, 1087.453, 1.680591, 0.7709842, 15.314
 
2.319998, 1, -0.01998689, 84.15498, 5.440063, -0.0082287128940922585813838704, 329912.6, -2018.616, -2.760395, 0.009587237, 0.1104846, 1089.144, 1.6798, 0.7702129, 15.3263
 
2.329998, 1, -0.009986887, 84.16544, 5.457201, -0.0093097350441253090525047954, 330523.5, -2017.855, -2.760395, 0.009587237, 0.1104846, 1090.842, 1.679108, 0.7694417, 15.3386
 
2.339998, 1, 1.311302E-05, 84.17568, 5.474155, -0.0095253718887535004188973597, 331136.9, -2017.09, -2.760395, 0.009587237, 0.1104846, 1092.545, 1.678515, 0.7686704, 15.3509
 
2.349998, 1, 0.01001311, 84.18594, 5.491345, -0.0088884214503096580256386072, 331752.8, -2016.319, -2.760395, 0.009587237, 0.1104846, 1094.255, 1.678018, 0.7678991, 15.3632
 
2.359998, 1, 0.02001311, 84.1958, 5.50835, -0.0074117247843347781883958530, 332371, -2015.541, -2.760395, 0.009587237, 0.1104846, 1095.971, 1.677618, 0.7671278, 15.3755
 
2.369998, 0.8008835, 0.03001311, 84.20577, 5.525591, -0.0051066397764180436652923181, 332991.7, -2014.759, -2.760395, 0.009587237, 0.1104846, 1097.693, 1.677312, 0.7663565, 15.3878
 
2.379998, 0.1838216, 0.03802195, 84.21539, 5.542648, -0.0020693259733820496848136467, 333614.8, -2013.971, -2.760395, 0.009587237, 0.1104846, 1099.421, 1.67709, 0.7655852, 15.4001
 
2.389998, -0.4726002, 0.03986016, 84.22513, 5.559942, 0.0013439386356688407472449898, 334240.4, -2013.179, -2.760395, 0.009587237, 0.1104846, 1101.155, 1.676601, 0.7648139, 15.4124
 
2.399998, -1, 0.03513416, 84.2347, 5.57726, 0.0045882477066390242505399934, 334868.4, -2012.381, -2.760395, 0.009587237, 0.1104846, 1102.895, 1.675652, 0.7640426, 15.4247
 
2.409998, -1, 0.02513416, 84.24385, 5.594395, 0.0071678498601471490134410258, 335498.6, -2011.577, -2.760395, 0.009587237, 0.1104846, 1104.641, 1.674779, 0.7632713, 15.437
 
2.419998, -1, 0.01513416, 84.25336, 5.611978, 0.0088688317357677099026330280, 336131.5, -2010.768, -2.760395, 0.009587237, 0.1104846, 1106.394, 1.674007, 0.7625, 15.4493
 
2.429998, -1, 0.005134163, 84.26311, 5.63001, 0.0097033998508179317980494129, 336767.1, -2009.953, -2.760395, 0.009587237, 0.1104846, 1108.153, 1.673334, 0.7617288, 15.46161
 
2.439998, -1, -0.004865836, 84.27254, 5.647858, 0.0096842631286014182775342572, 337405.2, -2009.133, -2.760395, 0.009587237, 0.1104846, 1109.919, 1.672758, 0.7609575, 15.47391
 
2.449998, -1, -0.01486584, 84.28179, 5.665734, 0.0088237814328401217342981963, 338045.9, -2008.306, -2.760395, 0.009587237, 0.1104846, 1111.691, 1.672278, 0.7601862, 15.48621
 
2.459998, -1, -0.02486584, 84.29118, 5.683848, 0.0071356115248558062326387183, 338689.3, -2007.475, -2.760395, 0.009587237, 0.1104846, 1113.469, 1.671892, 0.7594149, 15.49851
 
2.469998, -0.697189, -0.03486583, 84.30042, 5.701991, 0.0046305228753731255125595675, 339335.2, -2006.639, -2.760395, 0.009587237, 0.1104846, 1115.254, 1.671601, 0.7586436, 15.51081
 
2.479998, -0.05049722, -0.04183772, 84.30928, 5.719947, 0.0014478690044186245616889260, 339983.7, -2005.797, -2.760395, 0.009587237, 0.1104846, 1117.046, 1.671387, 0.7578723, 15.52311
 
2.489998, 0.6149828, -0.04234269, 84.31799, 5.737931, -0.0020054751516237427170881763, 340634.7, -2004.949, -2.760395, 0.009587237, 0.1104846, 1118.844, 1.67074, 0.7571011, 15.53541
 
2.499998, 1, -0.03619286, 84.32681, 5.756155, -0.0051758205829538170168120728, 341288.3, -2004.096, -2.760395, 0.009587237, 0.1104846, 1120.648, 1.669789, 0.7563298, 15.54771
 
2.509998, 1, -0.02619286, 84.33527, 5.774193, -0.0076287824470132023284968569, 341944.8, -2003.237, -2.760395, 0.009587237, 0.1104846, 1122.459, 1.668921, 0.7555585, 15.56001
 
2.519998, 1, -0.01619286, 84.34379, 5.792471, -0.0092135229045494375925810872, 342603.6, -2002.374, -2.760395, 0.009587237, 0.1104846, 1124.277, 1.668152, 0.7547872, 15.57231
 
2.529998, 1, -0.006192865, 84.35194, 5.810565, -0.0099423703784794877344196532, 343265, -2001.505, -2.760395, 0.009587237, 0.1104846, 1126.101, 1.667481, 0.7540159, 15.58461
 
2.539998, 1, 0.003807135, 84.36046, 5.829113, -0.0098282090940848366880904114, 343929.4, -2000.631, -2.760395, 0.009587237, 0.1104846, 1127.932, 1.666907, 0.7532446, 15.59691
 
2.549998, 1, 0.01380713, 84.36879, 5.847688, -0.0088834864410849942944507045, 344596.4, -1999.751, -2.760395, 0.009587237, 0.1104846, 1129.77, 1.666427, 0.7524733, 15.60921
 
2.559998, 1, 0.02380713, 84.37743, 5.866721, -0.0071199467489679638667785893, 345266.1, -1998.866, -2.760395, 0.009587237, 0.1104846, 1131.614, 1.666042, 0.751702, 15.62151
 
2.569998, 0.7005693, 0.03380714, 84.38552, 5.885354, -0.0045501077736058577761172745, 345938.6, -1997.976, -2.760395, 0.009587237, 0.1104846, 1133.466, 1.665749, 0.7509307, 15.63381
 
2.579998, 0.03465793, 0.04081283, 84.39363, 5.904229, -0.0013105847683628254226643104, 346613.8, -1997.079, -2.760395, 0.009587237, 0.1104846, 1135.324, 1.665534, 0.7501594, 15.64611
 
2.589998, -0.647912, 0.04115941, 84.40164, 5.923133, 0.0021887215643304533640590679, 347291.7, -1996.178, -2.760395, 0.009587237, 0.1104846, 1137.189, 1.66484, 0.7493882, 15.65841
 
2.599998, -1, 0.03468028, 84.40926, 5.94185, 0.0053865059752417885162895669, 347972.4, -1995.27, -2.760395, 0.009587237, 0.1104846, 1139.061, 1.663875, 0.7486169, 15.67071
 
2.609998, -1, 0.02468028, 84.41702, 5.96081, 0.0078593024051616100805207105, 348655.8, -1994.359, -2.760395, 0.009587237, 0.1104846, 1140.939, 1.662995, 0.7478456, 15.68301
 
2.619998, -1, 0.01468029, 84.42462, 5.979799, 0.0094718498422759189273738068, 349342.1, -1993.441, -2.760395, 0.009587237, 0.1104846, 1142.825, 1.662214, 0.7470743, 15.69531
 
2.629998, -1, 0.004680285, 84.43208, 5.998817, 0.0102366855499731143146735295, 350031.1, -1992.519, -2.760395, 0.009587237, 0.1104846, 1144.718, 1.661529, 0.746303, 15.70761
 
2.639998, -1, -0.005319715, 84.43941, 6.017863, 0.0101664273171921423720695200, 350722.8, -1991.591, -2.760395, 0.009587237, 0.1104846, 1146.617, 1.660941, 0.7455317, 15.71991
 
2.649998, -1, -0.01531971, 84.4464, 6.036722, 0.0092737230486560975797257172, 351417.4, -1990.658, -2.760395, 0.009587237, 0.1104846, 1148.524, 1.660447, 0.7447605, 15.73221
 
2.659998, -1, -0.02531971, 84.45363, 6.056042, 0.0075705215589491086411054522, 352114.8, -1989.719, -2.760395, 0.009587237, 0.1104846, 1150.438, 1.660046, 0.7439892, 15.74451
 
2.669998, -0.8082211, -0.03531972, 84.46094, 6.075608, 0.0050701286284136375255351676, 352815, -1988.775, -2.760395, 0.009587237, 0.1104846, 1152.359, 1.659736, 0.7432179, 15.75681
 
2.679998, -0.1344839, -0.04340193, 84.46795, 6.094986, 0.0018617936824879834179412564, 353518, -1987.827, -2.760395, 0.009587237, 0.1104846, 1154.286, 1.65951, 0.7424466, 15.76911
 
2.689998, 0.572723, -0.04474676, 84.47506, 6.114611, -0.0016880755603591078420284067, 354224.1, -1986.873, -2.760395, 0.009587237, 0.1104846, 1156.222, 1.658929, 0.7416753, 15.78141
 
2.699998, 1, -0.03901954, 84.48203, 6.134265, -0.0050096835515830494875767681, 354933.1, -1985.914, -2.760395, 0.009587237, 0.1104846, 1158.164, 1.657941, 0.740904, 15.79371
 
2.709998, 1, -0.02901954, 84.48882, 6.153949, -0.0076431027310414796706914570, 355644.9, -1984.949, -2.760395, 0.009587237, 0.1104846, 1160.114, 1.657033, 0.7401327, 15.80601
 
2.719998, 1, -0.01901954, 84.49526, 6.173445, -0.0094229205297888113080588755, 356359.5, -1983.98, -2.760395, 0.009587237, 0.1104846, 1162.071, 1.656223, 0.7393614, 15.81831
 
2.729998, 1, -0.009019537, 84.50178, 6.193187, -0.0103618017831377697699253089, 357076.9, -1983.005, -2.760395, 0.009587237, 0.1104846, 1164.035, 1.65551, 0.7385901, 15.83061
 
2.739998, 1, 0.0009804629, 84.50819, 6.21296, -0.0104728861026830205873416208, 357797.5, -1982.025, -2.760395, 0.009587237, 0.1104846, 1166.006, 1.654891, 0.7378188, 15.84291
 
2.749998, 1, 0.01098046, 84.51416, 6.232543, -0.0097721029612448057261936516, 358520.8, -1981.039, -2.760395, 0.009587237, 0.1104846, 1167.985, 1.654367, 0.7370476, 15.85522
 
2.759998, 1, 0.02098046, 84.52031, 6.252375, -0.0082664056016494917044457538, 359247.1, -1980.049, -2.760395, 0.009587237, 0.1104846, 1169.971, 1.653936, 0.7362763, 15.86751
 
2.769998, 1, 0.03098046, 84.52631, 6.272235, -0.0059684353224476572498214302, 359976.1, -1979.055, -2.760395, 0.009587237, 0.1104846, 1171.964, 1.653596, 0.735505, 15.87982
 
2.779998, 0.3593605, 0.04098046, 84.47525, 6.23799, -0.0028877055333031916029755144, 360682.5, -1978.056, -2.760395, 0.009587237, 0.1104846, 1173.923, 1.653346, 0.7347337, 15.89212
 
2.789998, -0.3773916, 0.04457407, 84.36954, 6.149919, 0.0007039850346061664594421993, 361365.8, -1977.106, -2.760395, 0.009587237, 0.1104846, 1175.847, 1.653003, 0.7339624, 15.90442
 
2.799998, -1, 0.04080015, 84.2626, 6.061448, 0.0042420035188444880621773615, 362025.9, -1976.204, -2.760395, 0.009587237, 0.1104846, 1177.736, 1.652006, 0.7331911, 15.91672
 
2.809998, -1, 0.03080015, 84.15474, 5.972797, 0.0071755069324031257919106687, 362663.2, -1975.353, -2.760395, 0.009587237, 0.1104846, 1179.591, 1.65109, 0.7324198, 15.92902
 
2.819998, -1, 0.02080015, 84.04591, 5.883967, 0.0092604757856242486030658508, 363277.1, -1974.55, -2.760395, 0.009587237, 0.1104846, 1181.41, 1.650284, 0.7316486, 15.94132
 
2.829998, -1, 0.01080015, 83.93634, 5.795176, 0.0105088111763419175019066117, 363868, -1973.797, -2.760395, 0.009587237, 0.1104846, 1183.194, 1.649587, 0.7308773, 15.95362
 
2.839998, -1, 0.0008001514, 83.82559, 5.705986, 0.0109325200405765783920894997, 364435.7, -1973.091, -2.760395, 0.009587237, 0.1104846, 1184.944, 1.648995, 0.730106, 15.96592
 
2.849998, -1, -0.009199848, 83.71393, 5.616614, 0.0105419668191046815305952422, 364980.2, -1972.435, -2.760395, 0.009587237, 0.1104846, 1186.658, 1.648509, 0.7293347, 15.97822
 
2.859998, -1, -0.01919985, 83.60155, 5.527283, 0.0093482630058344386086793141, 365501.3, -1971.828, -2.760395, 0.009587237, 0.1104846, 1188.337, 1.648126, 0.7285634, 15.99052
 
2.869998, -1, -0.02919985, 83.48775, 5.437329, 0.0073620425687973504309113166, 365999.2, -1971.267, -2.760395, 0.009587237, 0.1104846, 1189.981, 1.647845, 0.7277921, 16.00282
 
2.879998, -0.7236778, -0.03919985, 83.37353, 5.347636, 0.0045933741790034277606554521, 366473.8, -1970.755, -2.760395, 0.009587237, 0.1104846, 1191.589, 1.647667, 0.7270208, 16.01512
 
2.889998, 0.005797024, -0.04643663, 83.25808, 5.257541, 0.0011642307559954656643058077, 366924.8, -1970.29, -2.760395, 0.009587237, 0.1104846, 1193.162, 1.647575, 0.7262495, 16.02742
 
2.899998, 0.7486499, -0.04637866, 83.18276, 5.206291, -0.0025112739153729908898948907, 367371, -1969.874, -2.760395, 0.009587237, 0.1104846, 1194.729, 1.64694, 0.7254782, 16.03972
 
2.909998, 1, -0.03889216, 83.14568, 5.193552, -0.0058375030082517182739443433, 367812.5, -1969.468, -2.760395, 0.009587237, 0.1104846, 1196.292, 1.646078, 0.7247069, 16.05202
 
2.919998, 1, -0.02889216, 83.10824, 5.180781, -0.0084175056299136874925548984, 368249.2, -1969.069, -2.760395, 0.009587237, 0.1104846, 1197.849, 1.645305, 0.7239357, 16.06432
 
2.929998, 1, -0.01889216, 83.07067, 5.168201, -0.0101600358294842703108461105, 368680.8, -1968.68, -2.760395, 0.009587237, 0.1104846, 1199.4, 1.644632, 0.7231644, 16.07662
 
2.939998, 1, -0.008892158, 83.03289, 5.155591, -0.0110760318853597465596777158, 369107.7, -1968.302, -2.760395, 0.009587237, 0.1104846, 1200.947, 1.644057, 0.7223931, 16.08892
 
2.949998, 1, 0.001107842, 82.99445, 5.142726, -0.0111761417779969698388621900, 369529.6, -1967.931, -2.760395, 0.009587237, 0.1104846, 1202.488, 1.643578, 0.7216218, 16.10122
 
2.959998, 1, 0.01110784, 82.95582, 5.129829, -0.0104722352147550785220172557, 369946.9, -1967.571, -2.760395, 0.009587237, 0.1104846, 1204.023, 1.643194, 0.7208505, 16.11352
 
2.969998, 1, 0.02110784, 82.91681, 5.116899, -0.0089734668361156315764061425, 370359.1, -1967.219, -2.760395, 0.009587237, 0.1104846, 1205.553, 1.642904, 0.7200792, 16.12582
 
2.979998, 1, 0.03110784, 82.87791, 5.104385, -0.0066901751798810013662782212, 370766.5, -1966.876, -2.760395, 0.009587237, 0.1104846, 1207.078, 1.642707, 0.719308, 16.13812
 
2.989998, 0.5288056, 0.04110784, 82.83804, 5.091169, -0.0036328250948765639144220339, 371168.9, -1966.543, -2.760395, 0.009587237, 0.1104846, 1208.598, 1.642603, 0.7185367, 16.15042
 
2.999998, -0.237583, 0.0463959, 82.7985, 5.078592, -0.0000004624262887834982827175, 371566.3, -1966.218, -2.760395, 0.009587237, 0.1104846, 1210.112, 1.642567, 0.7177654, 16.16272
 
3.009998, -0.9802591, 0.04402007, 82.75806, 5.065312, 0.0037036233589726235187114894, 371959, -1965.904, -2.760395, 0.009587237, 0.1104846, 1211.62, 1.641684, 0.7169941, 16.17502
 
3.019998, -1, 0.03421748, 82.72073, 5.055364, 0.0068743669230391813197572514, 372348, -1965.597, -2.760395, 0.009587237, 0.1104846, 1213.126, 1.640866, 0.7162228, 16.18732
 
3.029998, -1, 0.02421748, 82.68635, 5.048533, 0.0092126212229528081929186948, 372733.6, -1965.298, -2.760395, 0.009587237, 0.1104846, 1214.628, 1.640146, 0.7154515, 16.19962
 
3.039998, -1, 0.01421748, 82.65125, 5.041232, 0.0107209754573977390961832419, 373115.6, -1965.005, -2.760395, 0.009587237, 0.1104846, 1216.127, 1.639524, 0.7146802, 16.21192
 
3.049998, -1, 0.004217478, 82.61634, 5.034361, 0.0114103231084587258826379258, 373494.3, -1964.718, -2.760395, 0.009587237, 0.1104846, 1217.623, 1.638997, 0.7139089, 16.22422
 
3.059998, -1, -0.005782522, 82.5809, 5.027244, 0.0112909915625284758760444726, 373869.4, -1964.436, -2.760395, 0.009587237, 0.1104846, 1219.116, 1.638566, 0.7131376, 16.23652
 
3.069998, -1, -0.01578252, 82.54524, 5.020106, 0.0103735608221381858061838581, 374240.9, -1964.161, -2.760395, 0.009587237, 0.1104846, 1220.606, 1.638228, 0.7123664, 16.24883
 
3.079998, -1, -0.02578252, 82.50949, 5.013174, 0.0086693886648789152253910555, 374609.1, -1963.891, -2.760395, 0.009587237, 0.1104846, 1222.093, 1.637981, 0.7115951, 16.26112
 
3.089998, -1, -0.03578252, 82.47309, 5.005769, 0.0061873345803321859963526198, 374973.7, -1963.628, -2.760395, 0.009587237, 0.1104846, 1223.577, 1.637827, 0.7108238, 16.27342
 
3.099998, -0.37046, -0.04578252, 82.4369, 4.998796, 0.0029378406421917938982819267, 375334.8, -1963.372, -2.760395, 0.009587237, 0.1104846, 1225.057, 1.637763, 0.7100525, 16.28572
 
3.109998, 0.418151, -0.04948712, 82.40018, 4.991577, -0.0008186746534780229875112537, 375692.4, -1963.121, -2.760395, 0.009587237, 0.1104846, 1226.535, 1.63757, 0.7092812, 16.29803
 
3.119998, 1, -0.04530561, 82.36323, 4.984337, -0.0045101308854328361563098905, 376046.4, -1962.876, -2.760395, 0.009587237, 0.1104846, 1228.009, 1.636707, 0.7085099, 16.31033
 
3.129997, 1, -0.03530561, 82.326, 4.977077, -0.0075910428563850423944932037, 376397, -1962.637, -2.760395, 0.009587237, 0.1104846, 1229.48, 1.635918, 0.7077386, 16.32263
 
3.139997, 1, -0.02530561, 82.28995, 4.971157, -0.0098374716153641269627054207, 376744.6, -1962.404, -2.760395, 0.009587237, 0.1104846, 1230.949, 1.635226, 0.7069674, 16.33493
 
3.149997, 1, -0.01530561, 82.25529, 4.966808, -0.0112598440700754104099264216, 377089.3, -1962.177, -2.760395, 0.009587237, 0.1104846, 1232.416, 1.634632, 0.7061961, 16.34723
 
3.159997, 1, -0.005305612, 82.22037, 4.962445, -0.0118688942704682196015280564, 377431.2, -1961.954, -2.760395, 0.009587237, 0.1104846, 1233.881, 1.634131, 0.7054248, 16.35953
 
3.169997, 1, 0.004694387, 82.18499, 4.957839, -0.0116759416138265770221605486, 377770.3, -1961.735, -2.760395, 0.009587237, 0.1104846, 1235.344, 1.633725, 0.7046535, 16.37183
 
3.179997, 1, 0.01469439, 82.14962, 4.953445, -0.0106902433740051342120431268, 378106.5, -1961.521, -2.760395, 0.009587237, 0.1104846, 1236.805, 1.63341, 0.7038822, 16.38413
 
3.189997, 1, 0.02469439, 82.11378, 4.948809, -0.0089221351262044168700427668, 378439.8, -1961.313, -2.760395, 0.009587237, 0.1104846, 1238.264, 1.633186, 0.7031109, 16.39643
 
3.199997, 1, 0.03469439, 82.07796, 4.944385, -0.0063816195958351669610755746, 378770.2, -1961.108, -2.760395, 0.009587237, 0.1104846, 1239.72, 1.633053, 0.7023396, 16.40873
 
3.209997, 0.4113045, 0.04469439, 82.04163, 4.939717, -0.0030782446479838278769630402, 379097.6, -1960.908, -2.760395, 0.009587237, 0.1104846, 1241.174, 1.633009, 0.7015684, 16.42103
 
3.219997, -0.397184, 0.04880743, 82.00533, 4.935263, 0.0007446131403263482371631148, 379422.3, -1960.713, -2.760395, 0.009587237, 0.1104846, 1242.627, 1.632855, 0.7007971, 16.43333
 
3.229997, -1, 0.04483559, 81.96883, 4.930793, 0.0045262916111904447468903388, 379744.2, -1960.523, -2.760395, 0.009587237, 0.1104846, 1244.078, 1.631998, 0.7000258, 16.44563
 
3.239997, -1, 0.03483559, 81.93166, 4.92585, 0.0077078826719477581902293141, 380063.1, -1960.338, -2.760395, 0.009587237, 0.1104846, 1245.526, 1.631212, 0.6992545, 16.45793
 
3.249997, -1, 0.02483559, 81.89488, 4.921579, 0.0100579453406189065073297013, 380379.1, -1960.156, -2.760395, 0.009587237, 0.1104846, 1246.972, 1.630523, 0.6984832, 16.47023
 
3.259997, -1, 0.01483559, 81.85822, 4.917523, 0.0115870616604813796252104006, 380692.7, -1959.98, -2.760395, 0.009587237, 0.1104846, 1248.417, 1.62993, 0.6977119, 16.48253
 
3.269997, -1, 0.004835593, 81.82267, 4.914831, 0.0123057031269798213185414874, 381003.8, -1959.807, -2.760395, 0.009587237, 0.1104846, 1249.861, 1.629431, 0.6969406, 16.49483
 
3.279997, -1, -0.005164407, 81.78646, 4.911666, 0.0122240612180784347058806880, 381312.5, -1959.638, -2.760395, 0.009587237, 0.1104846, 1251.303, 1.629025, 0.6961693, 16.50713
 
3.289997, -1, -0.01516441, 81.75031, 4.90872, 0.0113521449452582735756227287, 381618.8, -1959.473, -2.760395, 0.009587237, 0.1104846, 1252.744, 1.62871, 0.695398, 16.51943
 
3.299997, -1, -0.02516441, 81.71368, 4.905531, 0.0097001709848240685015118354, 381922.8, -1959.31, -2.760395, 0.009587237, 0.1104846, 1254.184, 1.628486, 0.6946267, 16.53173
 
3.309997, -1, -0.03516441, 81.67731, 4.902791, 0.0072790545737198809712688101, 382224.2, -1959.152, -2.760395, 0.009587237, 0.1104846, 1255.622, 1.628351, 0.6938555, 16.54403
 
3.319997, -0.6261177, -0.04516441, 81.64027, 4.899577, 0.0040974907734464388252476751, 382523.1, -1958.998, -2.760395, 0.009587237, 0.1104846, 1257.059, 1.628304, 0.6930842, 16.55633
 
3.329997, 0.1883789, -0.05142558, 81.60323, 4.896582, 0.0003130144334911762760462832, 382819.4, -1958.848, -2.760395, 0.009587237, 0.1104846, 1258.494, 1.628329, 0.6923129, 16.56863
 
3.339997, 0.989805, -0.04954179, 81.56578, 4.893343, -0.0035983842469776329599089868, 383113.4, -1958.701, -2.760395, 0.009587237, 0.1104846, 1259.928, 1.627541, 0.6915416, 16.58093
 
3.349997, 1, -0.03964374, 81.52861, 4.890555, -0.0069979915574065739825456707, 383404.9, -1958.559, -2.760395, 0.009587237, 0.1104846, 1261.361, 1.626743, 0.6907703, 16.59323
 
3.359997, 1, -0.02964374, 81.49072, 4.88729, -0.0095716328282776804281776051, 383693.8, -1958.419, -2.760395, 0.009587237, 0.1104846, 1262.792, 1.626041, 0.689999, 16.60553
 
3.369997, 1, -0.01964374, 81.4529, 4.884246, -0.0113259343545263523691326870, 383980.3, -1958.284, -2.760395, 0.009587237, 0.1104846, 1264.222, 1.625435, 0.6892278, 16.61783
 
3.379997, 1, -0.009643743, 81.41509, 4.881421, -0.0122711596253833587013361632, 384264.6, -1958.153, -2.760395, 0.009587237, 0.1104846, 1265.651, 1.624922, 0.6884565, 16.63013
 
3.389997, 1, 0.000356257, 81.37828, 4.879747, -0.0124185541979210410634790068, 384546.7, -1958.024, -2.760395, 0.009587237, 0.1104846, 1267.079, 1.624501, 0.6876852, 16.64243
 
3.399997, 1, 0.01035626, 81.3408, 4.877597, -0.0117773447823648054901666961, 384826.9, -1957.898, -2.760395, 0.009587237, 0.1104846, 1268.507, 1.624171, 0.6869139, 16.65473
 
3.409997, 1, 0.02035626, 81.30311, 4.875437, -0.0103575354785264171566052075, 385104.5, -1957.776, -2.760395, 0.009587237, 0.1104846, 1269.933, 1.623931, 0.6861426, 16.66703
 
3.419997, 1, 0.03035626, 81.26548, 4.873499, -0.0081685588080544968692770185, 385380.1, -1957.658, -2.760395, 0.009587237, 0.1104846, 1271.358, 1.623779, 0.6853713, 16.67933
 
3.429997, 0.8896039, 0.04035626, 81.22736, 4.871319, -0.0052205443906705471367923989, 385653.3, -1957.541, -2.760395, 0.009587237, 0.1104846, 1272.782, 1.623716, 0.6846, 16.69164
 
3.439997, 0.08680629, 0.04925229, 81.18936, 4.86936, -0.0015668177979742176757116529, 385924.3, -1957.429, -2.760395, 0.009587237, 0.1104846, 1274.206, 1.623735, 0.6838287, 16.70394
 
3.449997, -0.7485811, 0.05012036, 81.15087, 4.867158, 0.0024263291246294945996015864, 386193.2, -1957.319, -2.760395, 0.009587237, 0.1104846, 1275.628, 1.623237, 0.6830574, 16.71624
 
3.459997, -1, 0.04263455, 81.11222, 4.864946, 0.0061110264761564409719897244, 386459.7, -1957.213, -2.760395, 0.009587237, 0.1104846, 1277.05, 1.622418, 0.6822861, 16.72854
 
3.469997, -1, 0.03263455, 81.07384, 4.863191, 0.0090653580339783040730568287, 386724, -1957.11, -2.760395, 0.009587237, 0.1104846, 1278.47, 1.621684, 0.6815149, 16.74084
 
3.479997, -1, 0.02263455, 81.03457, 4.860724, 0.0111999870231136651648258738, 386985.9, -1957.011, -2.760395, 0.009587237, 0.1104846, 1279.889, 1.621045, 0.6807436, 16.75314
 
3.489997, -1, 0.01263455, 80.99557, 4.858714, 0.0125247030457154386601500753, 387245.8, -1956.915, -2.760395, 0.009587237, 0.1104846, 1281.308, 1.6205, 0.6799723, 16.76544
 
3.499997, -1, 0.00263455, 80.96519, 4.865145, 0.0130494881194445848330876594, 387507.3, -1956.821, -2.760395, 0.009587237, 0.1104846, 1282.732, 1.620046, 0.679201, 16.77774
 
3.509997, -1, -0.00736545, 80.9437, 4.88051, 0.0127858292679890648076810983, 387770.7, -1956.723, -2.760395, 0.009587237, 0.1104846, 1284.161, 1.619682, 0.6784297, 16.79004
 
3.519997, -1, -0.01736545, 80.92215, 4.895897, 0.0117422829610955022750313718, 388036, -1956.621, -2.760395, 0.009587237, 0.1104846, 1285.597, 1.619405, 0.6776584, 16.80234
 
3.529997, -1, -0.02736545, 80.9005, 4.911307, 0.0099289152599949669734959558, 388303.1, -1956.513, -2.760395, 0.009587237, 0.1104846, 1287.039, 1.619215, 0.6768872, 16.81464
 
3.539997, -1, -0.03736545, 80.8786, 4.926503, 0.0073553058271555862011972274, 388572.1, -1956.403, -2.760395, 0.009587237, 0.1104846, 1288.486, 1.619112, 0.6761159, 16.82694
 
3.549997, -0.6147385, -0.04736545, 80.8568, 4.941957, 0.0040308787445874302521813892, 388842.7, -1956.286, -2.760395, 0.009587237, 0.1104846, 1289.939, 1.619094, 0.6753446, 16.83924
 
3.559997, 0.2323863, -0.05351283, 80.83475, 4.957198, 0.0001162483058644926911745513, 389115.3, -1956.165, -2.760395, 0.009587237, 0.1104846, 1291.398, 1.619143, 0.6745733, 16.85154
 
3.569997, 1, -0.05118897, 80.81285, 4.972696, -0.0039011293237960987265527423, 389389.8, -1956.039, -2.760395, 0.009587237, 0.1104846, 1292.863, 1.618311, 0.673802, 16.86384
 
3.579997, 1, -0.04118897, 80.79066, 4.987981, -0.0073887960241977787485692276, 389665.9, -1955.91, -2.760395, 0.009587237, 0.1104846, 1294.334, 1.617515, 0.6730307, 16.87614
 
3.589997, 1, -0.03118897, 80.76887, 5.003761, -0.0100536604643021520988168003, 389943.9, -1955.775, -2.760395, 0.009587237, 0.1104846, 1295.811, 1.616812, 0.6722594, 16.88844
 
3.599997, 1, -0.02118897, 80.74657, 5.019091, -0.0119062540998791816960900700, 390223.8, -1955.637, -2.760395, 0.009587237, 0.1104846, 1297.293, 1.616201, 0.6714881, 16.90074
 
3.609997, 1, -0.01118897, 80.72438, 5.034679, -0.0129567376542850126142589873, 390505.3, -1955.493, -2.760395, 0.009587237, 0.1104846, 1298.782, 1.615681, 0.6707168, 16.91304
 
3.619997, 1, -0.001188971, 80.69745, 5.050291, -0.0132153714013660887659180287, 390788.8, -1955.224, -2.760395, 0.009587237, 0.1104846, 1300.276, 1.615403, 0.6699455, 16.92534
 
3.629997, 1, 0.008811029, 80.67603, 5.066875, -0.0126916409675100851823384199, 391074.4, -1955.068, -2.760395, 0.009587237, 0.1104846, 1301.777, 1.615043, 0.6691743, 16.93764
 
3.639997, 1, 0.01881103, 80.65436, 5.083245, -0.0113956348772327693293688868, 391362, -1954.91, -2.760395, 0.009587237, 0.1104846, 1303.284, 1.614769, 0.668403, 16.94994
 
3.649997, 1, 0.02881103, 80.63234, 5.099401, -0.0093381175099422720835954033, 391651.4, -1954.745, -2.760395, 0.009587237, 0.1104846, 1304.797, 1.61458, 0.6676317, 16.96224
 
3.659997, 1, 0.03881103, 80.61076, 5.116057, -0.0065274467043283284069991527, 391942.8, -1954.576, -2.760395, 0.009587237, 0.1104846, 1306.317, 1.614476, 0.6668604, 16.97454
 
3.669997, 0.392682, 0.04881103, 80.58862, 5.132261, -0.0029734036091765491194524520, 392236.1, -1954.403, -2.760395, 0.009587237, 0.1104846, 1307.843, 1.614456, 0.6660891, 16.98684
 
3.679997, -0.4765716, 0.05273785, 80.56693, 5.148965, 0.0010787669485043265752710720, 392531.4, -1954.225, -2.760395, 0.009587237, 0.1104846, 1309.375, 1.614247, 0.6653178, 16.99914
 
3.689997, -1, 0.04797213, 80.54467, 5.165216, 0.0050492372127546677375617098, 392828.7, -1954.042, -2.760395, 0.009587237, 0.1104846, 1310.913, 1.61337, 0.6645465, 17.01144
 
3.699997, -1, 0.03797213, 80.52279, 5.18197, 0.0083983513638800088019211304, 393127.7, -1953.854, -2.760395, 0.009587237, 0.1104846, 1312.457, 1.612563, 0.6637753, 17.02374
 
3.709997, -1, 0.02797213, 80.50024, 5.198028, 0.0109304948243157188098905478, 393429, -1953.664, -2.760395, 0.009587237, 0.1104846, 1314.008, 1.61185, 0.663004, 17.03604
 
3.719997, -1, 0.01797213, 80.47823, 5.214829, 0.0126554556423405266989436351, 393732, -1953.466, -2.760395, 0.009587237, 0.1104846, 1315.565, 1.611227, 0.6622327, 17.04834
 
3.729997, -1, 0.007972131, 80.45598, 5.231415, 0.0135837061612724176730633671, 394037, -1953.266, -2.760395, 0.009587237, 0.1104846, 1317.129, 1.610693, 0.6614614, 17.06064
 
3.739997, -1, -0.002027869, 80.43391, 5.248265, 0.0137250230545845406458417200, 394344, -1953.061, -2.760395, 0.009587237, 0.1104846, 1318.699, 1.610248, 0.6606901, 17.07294
 
3.749997, -1, -0.01202787, 80.41125, 5.264658, 0.0130894553321603340091881695, 394652.9, -1952.85, -2.760395, 0.009587237, 0.1104846, 1320.275, 1.609889, 0.6599188, 17.08525
 
3.759997, -1, -0.02202787, 80.38929, 5.281797, 0.0116879197976718264666824388, 394963.8, -1952.635, -2.760395, 0.009587237, 0.1104846, 1321.858, 1.609615, 0.6591475, 17.09755
 
3.769997, -1, -0.03202787, 80.36674, 5.29848, 0.0095290181420855843192142574, 395276.5, -1952.416, -2.760395, 0.009587237, 0.1104846, 1323.447, 1.609426, 0.6583762, 17.10985
 
3.779997, -1, -0.04202787, 80.34418, 5.315186, 0.0066224071274272544057836268, 395591.2, -1952.193, -2.760395, 0.009587237, 0.1104846, 1325.043, 1.609321, 0.6576049, 17.12214
 
3.789997, -0.3842874, -0.05202787, 80.32199, 5.332399, 0.0029772701594138373658173881, 395908, -1951.964, -2.760395, 0.009587237, 0.1104846, 1326.645, 1.609299, 0.6568336, 17.13445
 
3.799997, 0.5063811, -0.05587074, 80.29904, 5.348913, -0.0011591670831447918612936144, 396226.7, -1951.731, -2.760395, 0.009587237, 0.1104846, 1328.254, 1.609069, 0.6560624, 17.14675
 
3.809997, 1, -0.05080693, 80.27678, 5.366175, -0.0051973672966808090607278161, 396547.4, -1951.494, -2.760395, 0.009587237, 0.1104846, 1329.869, 1.608176, 0.6552911, 17.15905
 
3.819997, 1, -0.04080693, 80.25394, 5.382978, -0.0086056637096370465774512014, 396870.1, -1951.253, -2.760395, 0.009587237, 0.1104846, 1331.491, 1.607355, 0.6545198, 17.17135
 
3.829997, 1, -0.03080693, 80.23128, 5.400048, -0.0111999443844776080282879147, 397194.7, -1951.006, -2.760395, 0.009587237, 0.1104846, 1333.119, 1.606626, 0.6537485, 17.18365
 
3.839997, 1, -0.02080693, 80.20833, 5.4169, -0.0129905808777045537117987994, 397521.2, -1950.756, -2.760395, 0.009587237, 0.1104846, 1334.754, 1.605986, 0.6529772, 17.19595
 
3.849997, 1, -0.01080693, 80.1853, 5.433776, -0.0139875469980759684260371304, 397849.6, -1950.501, -2.760395, 0.009587237, 0.1104846, 1336.395, 1.605436, 0.6522059, 17.20825
 
3.859997, 1, -0.0008069351, 80.16268, 5.451162, -0.0142011240559790096487014858, 398180.1, -1950.242, -2.760395, 0.009587237, 0.1104846, 1338.043, 1.604972, 0.6514347, 17.22055
 
3.869997, 1, 0.009193065, 80.13977, 5.46833, -0.0136410097162237550573623427, 398512.5, -1949.978, -2.760395, 0.009587237, 0.1104846, 1339.698, 1.604594, 0.6506634, 17.23285
 
3.879997, 1, 0.01919306, 80.11681, 5.485523, -0.0123170128208610681173800666, 398846.9, -1949.71, -2.760395, 0.009587237, 0.1104846, 1341.359, 1.604301, 0.6498921, 17.24515
 
3.889997, 1, 0.02919306, 80.09404, 5.502984, -0.0102400367411705847490336923, 399183.2, -1949.439, -2.760395, 0.009587237, 0.1104846, 1343.027, 1.604092, 0.6491208, 17.25745
 
3.899997, 1, 0.03919306, 80.07096, 5.520226, -0.0074184230641728409384389093, 399521.5, -1949.162, -2.760395, 0.009587237, 0.1104846, 1344.702, 1.603965, 0.6483495, 17.26975
 
3.909997, 0.5913578, 0.04919306, 80.04776, 5.537493, -0.0038616708571962354684988083, 399861.7, -1948.881, -2.760395, 0.009587237, 0.1104846, 1346.383, 1.60392, 0.6475782, 17.28205
 
3.919997, -0.3110465, 0.05510664, 80.02454, 5.554785, 0.0002640045720362754573746322, 400203.9, -1948.596, -2.760395, 0.009587237, 0.1104846, 1348.071, 1.60388, 0.646807, 17.29435
 
3.929997, -1, 0.05199618, 80.00151, 5.572346, 0.0044464979728461572191132705, 400548, -1948.307, -2.760395, 0.009587237, 0.1104846, 1349.766, 1.602964, 0.6460356, 17.30665
 
3.939997, -1, 0.04199617, 79.97817, 5.589688, 0.0080738384865889825010255271, 400894.1, -1948.014, -2.760395, 0.009587237, 0.1104846, 1351.468, 1.60211, 0.6452643, 17.31895
 
3.949997, -1, 0.03199618, 79.95473, 5.607054, 0.0108884757532281249478273543, 401242, -1947.716, -2.760395, 0.009587237, 0.1104846, 1353.176, 1.601349, 0.644493, 17.33125
 
3.959997, -1, 0.02199618, 79.93153, 5.624691, 0.0129011722304286501609946091, 401591.8, -1947.415, -2.760395, 0.009587237, 0.1104846, 1354.891, 1.600677, 0.6437218, 17.34355
 
3.969997, -1, 0.01199618, 79.90773, 5.641861, 0.0141214029985057637897470186, 401943.7, -1947.109, -2.760395, 0.009587237, 0.1104846, 1356.613, 1.600092, 0.6429505, 17.35585
 
3.979997, -1, 0.001996176, 79.88462, 5.659793, 0.0145590215874064951490078709, 402297.7, -1946.798, -2.760395, 0.009587237, 0.1104846, 1358.342, 1.599594, 0.6421792, 17.36815
 
3.989997, -1, -0.008003823, 79.86121, 5.677505, 0.0142241095334969326934799551, 402653.4, -1946.485, -2.760395, 0.009587237, 0.1104846, 1360.077, 1.599182, 0.641408, 17.38045
 
3.999997, -1, -0.01800382, 79.83749, 5.694996, 0.0131264932851690419428106832, 403011.3, -1946.166, -2.760395, 0.009587237, 0.1104846, 1361.82, 1.598854, 0.6406367, 17.39275
 
4.009997, -1, -0.02800382, 79.81397, 5.712758, 0.0112759213903105867594497193, 403371.1, -1945.844, -2.760395, 0.009587237, 0.1104846, 1363.569, 1.598608, 0.6398653, 17.40505
 
4.019997, -1, -0.03800382, 79.79082, 5.731038, 0.0086819356610065716262845400, 403732.8, -1945.517, -2.760395, 0.009587237, 0.1104846, 1365.326, 1.598445, 0.6390941, 17.41735
 
4.029997, -0.9230602, -0.04800382, 79.76692, 5.748605, 0.0053551561813569493996387439, 404096.3, -1945.188, -2.760395, 0.009587237, 0.1104846, 1367.089, 1.598363, 0.6383227, 17.42965
 
4.039998, -0.02309349, -0.05723443, 79.74296, 5.766197, 0.0013331305880388238288655311, 404462.1, -1944.853, -2.760395, 0.009587237, 0.1104846, 1368.859, 1.598358, 0.6375514, 17.44195
 
4.049998, 0.9038637, -0.05746536, 79.71941, 5.784308, -0.0030017166956878515680310417, 404829.6, -1944.514, -2.760395, 0.009587237, 0.1104846, 1370.637, 1.597717, 0.6367801, 17.45426
 
4.059998, 1, -0.04842672, 79.69556, 5.802197, -0.0069462937012287380503818085, 405199.2, -1944.172, -2.760395, 0.009587237, 0.1104846, 1372.421, 1.596822, 0.6360088, 17.46656
 
4.069998, 1, -0.03842672, 79.67162, 5.820112, -0.0101154344175451138846598151, 405570.6, -1943.825, -2.760395, 0.009587237, 0.1104846, 1374.213, 1.596014, 0.6352375, 17.47886
 
4.079998, 1, -0.02842672, 79.64741, 5.837804, -0.0124817038672616117013715741, 405944.1, -1943.475, -2.760395, 0.009587237, 0.1104846, 1376.011, 1.595295, 0.6344662, 17.49116
 
4.089999, 1, -0.01842672, 79.62387, 5.856266, -0.0140550616920971512317472494, 406319.5, -1943.121, -2.760395, 0.009587237, 0.1104846, 1377.817, 1.594665, 0.6336949, 17.50346
 
4.099999, 1, -0.00842672, 79.59929, 5.873761, -0.0148456384389685624840168161, 406696.9, -1942.763, -2.760395, 0.009587237, 0.1104846, 1379.63, 1.59412, 0.6329236, 17.51576
 
4.109999, 1, 0.00157328, 79.57561, 5.892274, -0.0148634171797364547353093193, 407076.3, -1942.401, -2.760395, 0.009587237, 0.1104846, 1381.449, 1.59366, 0.6321523, 17.52806
 
4.119999, 1, 0.01157328, 79.55142, 5.910317, -0.0141192735521281773161330232, 407457.6, -1942.035, -2.760395, 0.009587237, 0.1104846, 1383.276, 1.593283, 0.631381, 17.54036
 
4.13, 1, 0.02157328, 79.52737, 5.928633, -0.0126219672248711795876381150, 407841, -1941.665, -2.760395, 0.009587237, 0.1104846, 1385.111, 1.592989, 0.6306096, 17.55266
 
4.14, 1, 0.03157328, 79.50328, 5.946976, -0.0103811352940880832301455016, 408226.3, -1941.292, -2.760395, 0.009587237, 0.1104846, 1386.952, 1.592776, 0.6298383, 17.56496
 
4.15, 1, 0.04157328, 79.47888, 5.965095, -0.0074063242242208453548065843, 408613.6, -1940.914, -2.760395, 0.009587237, 0.1104846, 1388.801, 1.592644, 0.6290671, 17.57726
 
4.16, 0.5639467, 0.05157328, 79.45464, 5.98349, -0.0037071027991055909305023144, 409002.7, -1940.533, -2.760395, 0.009587237, 0.1104846, 1390.657, 1.592592, 0.6282958, 17.58956
 
4.170001, -0.3747092, 0.05721274, 79.43036, 6.001911, 0.0005415711368015124718593617, 409393.8, -1940.148, -2.760395, 0.009587237, 0.1104846, 1392.52, 1.592481, 0.6275244, 17.60186
 
4.180001, -1, 0.05346565, 79.40578, 6.020107, 0.0048094752146939970039092741, 409786.9, -1939.759, -2.760395, 0.009587237, 0.1104846, 1394.39, 1.591544, 0.6267532, 17.61416
 
4.190001, -1, 0.04346565, 79.38139, 6.03858, 0.0085026299999499459732523580, 410182, -1939.367, -2.760395, 0.009587237, 0.1104846, 1396.268, 1.590672, 0.6259818, 17.62646
 
4.200001, -1, 0.03346565, 79.35694, 6.057079, 0.0113898721121970254581194012, 410579.1, -1938.972, -2.760395, 0.009587237, 0.1104846, 1398.153, 1.58989, 0.6252105, 17.63876
 
4.210001, -1, 0.02346565, 79.33217, 6.075352, 0.0134815403985470696474763782, 410978.2, -1938.572, -2.760395, 0.009587237, 0.1104846, 1400.046, 1.589196, 0.6244392, 17.65106
 
4.220002, -1, 0.01346565, 79.30759, 6.093903, 0.0147877613796315024506239852, 411379.3, -1938.168, -2.760395, 0.009587237, 0.1104846, 1401.946, 1.588588, 0.6236679, 17.66336
 
4.230002, -1, 0.003465654, 79.28297, 6.11248, 0.0153184495225708448034708751, 411782.4, -1937.762, -2.760395, 0.009587237, 0.1104846, 1403.854, 1.588065, 0.6228966, 17.67566
 
4.240002, -1, -0.006534345, 79.25852, 6.131334, 0.0150836121605640950245323172, 412187.6, -1937.35, -2.760395, 0.009587237, 0.1104846, 1405.769, 1.587624, 0.6221253, 17.68797
 
4.250002, -1, -0.01653435, 79.23379, 6.149963, 0.0140930791946539735007976314, 412594.8, -1936.936, -2.760395, 0.009587237, 0.1104846, 1407.692, 1.587266, 0.621354, 17.70027
 
4.260003, -1, -0.02653435, 79.20924, 6.16887, 0.0123574357657696248578284001, 413004.1, -1936.518, -2.760395, 0.009587237, 0.1104846, 1409.622, 1.586988, 0.6205826, 17.71257
 
4.270003, -1, -0.03653435, 79.18436, 6.187552, 0.0098854074139797618114414599, 413415.4, -1936.096, -2.760395, 0.009587237, 0.1104846, 1411.56, 1.586791, 0.6198114, 17.72487
 
4.280003, -1, -0.04653434, 79.15946, 6.206259, 0.0066864460422695193455765399, 413829, -1935.671, -2.760395, 0.009587237, 0.1104846, 1413.506, 1.586673, 0.6190401, 17.73717
 
4.290003, -0.3481344, -0.05653434, 79.13474, 6.225246, 0.0027700263935511437093818464, 414244.4, -1935.242, -2.760395, 0.009587237, 0.1104846, 1415.46, 1.586634, 0.6182688, 17.74947
 
4.300004, 0.6158979, -0.06001569, 79.1097, 6.244007, -0.0016076253639792504207920024, 414662, -1934.809, -2.760395, 0.009587237, 0.1104846, 1417.421, 1.586291, 0.6174974, 17.76177
 
4.310004, 1, -0.05385671, 79.08459, 6.262794, -0.0058300941666232801921700775, 415081.5, -1934.373, -2.760395, 0.009587237, 0.1104846, 1419.39, 1.585357, 0.6167262, 17.77407
 
4.320004, 1, -0.04385671, 79.0597, 6.28186, -0.0093892576125723852804610239, 415502.9, -1933.933, -2.760395, 0.009587237, 0.1104846, 1421.366, 1.584496, 0.6159548, 17.78637
 
4.330004, 1, -0.03385671, 79.03452, 6.3007, -0.0121492718354468774053693737, 415926.4, -1933.491, -2.760395, 0.009587237, 0.1104846, 1423.351, 1.583724, 0.6151835, 17.79867
 
4.340004, 1, -0.02385671, 79.00953, 6.31982, -0.0141194447856176027222741459, 416352, -1933.045, -2.760395, 0.009587237, 0.1104846, 1425.343, 1.583038, 0.6144122, 17.81097
 
4.350005, 1, -0.01385671, 78.98444, 6.338966, -0.0153100330814315268218435893, 416779.7, -1932.594, -2.760395, 0.009587237, 0.1104846, 1427.343, 1.582436, 0.6136409, 17.82327
 
4.360005, 1, -0.003856713, 78.95909, 6.357885, -0.0157307464121265927005519053, 417209.4, -1932.141, -2.760395, 0.009587237, 0.1104846, 1429.351, 1.581918, 0.6128696, 17.83557
 
4.370005, 1, 0.006143287, 78.93416, 6.377339, -0.0153917241049045240327457901, 417641.2, -1931.685, -2.760395, 0.009587237, 0.1104846, 1431.367, 1.581482, 0.6120983, 17.84787
 
4.380005, 1, 0.01614329, 78.90891, 6.396566, -0.0143025415877537043863708298, 418074.9, -1931.224, -2.760395, 0.009587237, 0.1104846, 1433.391, 1.581126, 0.611327, 17.86017
 
4.390006, 1, 0.02614329, 78.88337, 6.415565, -0.0124731969568530578708708887, 418510.6, -1930.761, -2.760395, 0.009587237, 0.1104846, 1435.422, 1.58085, 0.6105557, 17.87247
 
4.400006, 1, 0.03614329, 78.85828, 6.435101, -0.0099138866967724785011859787, 418948.4, -1930.295, -2.760395, 0.009587237, 0.1104846, 1437.462, 1.580653, 0.6097844, 17.88478
 
4.410006, 1, 0.04614329, 78.83265, 6.454153, -0.0066335850918159363958219268, 419388.3, -1929.826, -2.760395, 0.009587237, 0.1104846, 1439.509, 1.580534, 0.6090131, 17.89708
 
4.420006, 0.3300911, 0.05614328, 78.80769, 6.473998, -0.0026412988255910013900686343, 419830.1, -1929.353, -2.760395, 0.009587237, 0.1104846, 1441.565, 1.580493, 0.6082417, 17.90938
 
4.430007, -0.6552715, 0.0594442, 78.78167, 6.492847, 0.0018015890693385333341968674, 420274, -1928.877, -2.760395, 0.009587237, 0.1104846, 1443.629, 1.580107, 0.6074705, 17.92168
 
4.440007, -1, 0.05289148, 78.75639, 6.512492, 0.0060672470700458716491779623, 420720, -1928.397, -2.760395, 0.009587237, 0.1104846, 1445.7, 1.579166, 0.6066992, 17.93398
 
4.450007, -1, 0.04289148, 78.73048, 6.531651, 0.0096565962174223961634001361, 421167.9, -1927.915, -2.760395, 0.009587237, 0.1104846, 1447.78, 1.5783, 0.6059279, 17.94628
 
4.460007, -1, 0.03289148, 78.70537, 6.551605, 0.0124503818007520075643603495, 421617.8, -1927.43, -2.760395, 0.009587237, 0.1104846, 1449.868, 1.577521, 0.6051565, 17.95858
 
4.470007, -1, 0.02289148, 78.67962, 6.571074, 0.0144576946421614710230570596, 422069.6, -1926.942, -2.760395, 0.009587237, 0.1104846, 1451.963, 1.576827, 0.6043853, 17.97088
 
4.480008, -1, 0.01289148, 78.6541, 6.590828, 0.0156886291499352358940208403, 422523.7, -1926.45, -2.760395, 0.009587237, 0.1104846, 1454.067, 1.576217, 0.6036139, 17.98318
 
4.490008, -1, 0.002891483, 78.62827, 6.610351, 0.0161530762815432057969470360, 422979.6, -1925.956, -2.760395, 0.009587237, 0.1104846, 1456.18, 1.575689, 0.6028426, 17.99548
 
4.500008, -1, -0.007108517, 78.60264, 6.630159, 0.0158611112122580724711607827, 423437.8, -1925.458, -2.760395, 0.009587237, 0.1104846, 1458.3, 1.575242, 0.6020713, 18.00778
 
4.510008, -1, -0.01710852, 78.57669, 6.649737, 0.0148224964810197048917316608, 423897.9, -1924.958, -2.760395, 0.009587237, 0.1104846, 1460.429, 1.574875, 0.6013001, 18.02008
 
4.520009, -1, -0.02710852, 78.55128, 6.669857, 0.0130469385134419230143885975, 424360.2, -1924.455, -2.760395, 0.009587237, 0.1104846, 1462.566, 1.574586, 0.6005287, 18.03238
 
4.530009, -1, -0.03710852, 78.52549, 6.689747, 0.0105450591231561758495343158, 424824.4, -1923.949, -2.760395, 0.009587237, 0.1104846, 1464.712, 1.574375, 0.5997574, 18.04468
 
4.540009, -1, -0.04710852, 78.49918, 6.709149, 0.0073253213571354355326595694, 425290.8, -1923.441, -2.760395, 0.009587237, 0.1104846, 1466.865, 1.57424, 0.5989861, 18.05698
 
4.550009, -0.5009303, -0.05710851, 78.47353, 6.729352, 0.0033970351468829418124172338, 425759.1, -1922.928, -2.760395, 0.009587237, 0.1104846, 1469.028, 1.574182, 0.5982148, 18.06928
 
4.560009, 0.4999357, -0.06211782, 78.44734, 6.749067, -0.0010441746154542189555308318, 426229.3, -1922.414, -2.760395, 0.009587237, 0.1104846, 1471.198, 1.573955, 0.5974435, 18.08158
 
4.57001, 1, -0.05711846, 78.42137, 6.769067, -0.0054298304083877146979953860, 426701.9, -1921.896, -2.760395, 0.009587237, 0.1104846, 1473.377, 1.573, 0.5966722, 18.09389
 
4.58001, 1, -0.04711846, 78.39536, 6.789094, -0.0091999354252082135731347669, 427176.5, -1921.376, -2.760395, 0.009587237, 0.1104846, 1475.565, 1.572114, 0.5959009, 18.10619
 
4.59001, 1, -0.03711846, 78.36951, 6.809409, -0.0121752281102805935380721806, 427653, -1920.853, -2.760395, 0.009587237, 0.1104846, 1477.761, 1.571314, 0.5951296, 18.11849
 
4.60001, 1, -0.02711846, 78.34316, 6.829233, -0.0143656664732736589929836504, 428131.7, -1920.328, -2.760395, 0.009587237, 0.1104846, 1479.966, 1.570599, 0.5943583, 18.13079
 
4.610011, 1, -0.01711847, 78.31725, 6.849604, -0.0157816074566719950005623025, 428612.4, -1919.799, -2.760395, 0.009587237, 0.1104846, 1482.179, 1.569966, 0.593587, 18.14309
 
4.620011, 1, -0.007118465, 78.29128, 6.870003, -0.0164337209445544962873312113, 429095.1, -1919.268, -2.760395, 0.009587237, 0.1104846, 1484.401, 1.569415, 0.5928156, 18.15539
 
4.630011, 1, 0.002881534, 78.26503, 6.89017, -0.0163311403510437730355997242, 429579.8, -1918.735, -2.760395, 0.009587237, 0.1104846, 1486.632, 1.568943, 0.5920444, 18.16769
 
4.640011, 1, 0.01288153, 78.23872, 6.910364, -0.0154838121740740609225778330, 430066.5, -1918.2, -2.760395, 0.009587237, 0.1104846, 1488.871, 1.568551, 0.591273, 18.17999
 
4.650012, 1, 0.02288153, 78.2126, 6.930846, -0.0139014282932762474217360040, 430555.4, -1917.661, -2.760395, 0.009587237, 0.1104846, 1491.119, 1.568236, 0.5905018, 18.19229
 
4.660012, 1, 0.03288154, 78.18644, 6.951357, -0.0115937036090350765002812143, 431046.3, -1917.12, -2.760395, 0.009587237, 0.1104846, 1493.375, 1.567997, 0.5897304, 18.20459
 
4.670012, 1, 0.04288153, 78.15977, 6.971374, -0.0085700262653418951379236899, 431539.3, -1916.577, -2.760395, 0.009587237, 0.1104846, 1495.64, 1.567835, 0.5889592, 18.21689
 
4.680012, 0.8505445, 0.05288153, 78.13327, 6.99168, -0.0048397446336009085627676179, 432034.3, -1916.031, -2.760395, 0.009587237, 0.1104846, 1497.914, 1.567748, 0.5881878, 18.22919
 
4.690012, -0.1585499, 0.06138698, 78.10724, 7.012537, -0.0004680232656465255124756025, 432531.3, -1915.484, -2.760395, 0.009587237, 0.1104846, 1500.197, 1.567729, 0.5874165, 18.24149
 
4.700013, -1, 0.05980148, 78.08064, 7.032899, 0.0041057330462052408853079592, 433030.3, -1914.933, -2.760395, 0.009587237, 0.1104846, 1502.489, 1.566856, 0.5866452, 18.25379
 
4.710013, -1, 0.04980148, 78.05429, 7.05355, 0.0081909613435752744210104667, 433531.4, -1914.38, -2.760395, 0.009587237, 0.1104846, 1504.789, 1.565938, 0.5858739, 18.26609
 
4.720013, -1, 0.03980148, 78.02788, 7.07423, 0.0114807153762168143434139528, 434034.5, -1913.826, -2.760395, 0.009587237, 0.1104846, 1507.099, 1.565106, 0.5851026, 18.27839
 
4.730013, -1, 0.02980148, 78.00143, 7.094938, 0.0139854382201112968808206997, 434539.7, -1913.269, -2.760395, 0.009587237, 0.1104846, 1509.417, 1.564357, 0.5843313, 18.2907
 
4.740014, -1, 0.01980148, 77.97491, 7.115675, 0.0157151080876757258270979492, 435046.9, -1912.709, -2.760395, 0.009587237, 0.1104846, 1511.744, 1.563691, 0.58356, 18.303
 
4.750014, -1, 0.009801479, 77.94861, 7.136703, 0.0166805764931616683923342680, 435556, -1912.148, -2.760395, 0.009587237, 0.1104846, 1514.081, 1.563105, 0.5827887, 18.3153
 
4.760014, -1, -0.0001985207, 77.92178, 7.157234, 0.0168913721357043304336607391, 436067.3, -1911.585, -2.760395, 0.009587237, 0.1104846, 1516.426, 1.562599, 0.5820174, 18.3276
 
4.770014, -1, -0.01019852, 77.89515, 7.178055, 0.0163568945019068989315211428, 436580.8, -1911.019, -2.760395, 0.009587237, 0.1104846, 1518.78, 1.562171, 0.5812461, 18.3399
 
4.780015, -1, -0.02019852, 77.86874, 7.19917, 0.0150872301519584988346714827, 437096.1, -1910.452, -2.760395, 0.009587237, 0.1104846, 1521.144, 1.561819, 0.5804747, 18.3522
 
4.790015, -1, -0.03019852, 77.84204, 7.220049, 0.0130919608988162158647411292, 437613.4, -1909.883, -2.760395, 0.009587237, 0.1104846, 1523.516, 1.561544, 0.5797035, 18.3645
 
4.800015, -1, -0.04019852, 77.81502, 7.240692, 0.0103808507114908947796769532, 438132.8, -1909.311, -2.760395, 0.009587237, 0.1104846, 1525.898, 1.561343, 0.5789322, 18.3768
 
4.810015, -1, -0.05019852, 77.78825, 7.261627, 0.0069630846683022902389221555, 438654.5, -1908.738, -2.760395, 0.009587237, 0.1104846, 1528.289, 1.561216, 0.5781609, 18.3891
 
4.820015, -0.3868667, -0.06019852, 77.76192, 7.283121, 0.0028487490032661185044510816, 439178.2, -1908.162, -2.760395, 0.009587237, 0.1104846, 1530.69, 1.561163, 0.5773895, 18.4014
 
4.830016, 0.6596018, -0.06406718, 77.73506, 7.304114, -0.0017270945979213357940620969, 439703.9, -1907.585, -2.760395, 0.009587237, 0.1104846, 1533.099, 1.560795, 0.5766183, 18.4137
 
4.840016, 1, -0.05747117, 77.70818, 7.325136, -0.0061443948872615663326508820, 440231.8, -1907.006, -2.760395, 0.009587237, 0.1104846, 1535.519, 1.559845, 0.5758469, 18.426
 
4.850016, 1, -0.04747117, 77.6815, 7.346451, -0.0098920586275442393532882777, 440761.7, -1906.425, -2.760395, 0.009587237, 0.1104846, 1537.947, 1.558968, 0.5750756, 18.4383
 
4.860016, 1, -0.03747117, 77.6548, 7.367796, -0.0128525463041870941643856420, 441293.6, -1905.842, -2.760395, 0.009587237, 0.1104846, 1540.385, 1.558174, 0.5743043, 18.4506
 
4.870017, 1, -0.02747117, 77.6281, 7.389169, -0.0150360665538748805984561985, 441827.8, -1905.259, -2.760395, 0.009587237, 0.1104846, 1542.832, 1.557463, 0.5735331, 18.4629
 
4.880017, 1, -0.01747117, 77.60104, 7.410306, -0.0164526845701442453465406714, 442363.7, -1904.673, -2.760395, 0.009587237, 0.1104846, 1545.289, 1.556831, 0.5727617, 18.4752
 
4.890017, 1, -0.007471168, 77.57448, 7.432003, -0.0171123667260483525446760351, 442901.8, -1904.085, -2.760395, 0.009587237, 0.1104846, 1547.755, 1.556279, 0.5719904, 18.4875
 
4.900017, 1, 0.002528831, 77.54711, 7.452931, -0.0170253867289527706811182628, 443442, -1903.496, -2.760395, 0.009587237, 0.1104846, 1550.231, 1.555804, 0.5712191, 18.49981
 
4.910017, 1, 0.01252883, 77.52048, 7.474687, -0.0162012664878592881281208300, 443984.3, -1902.905, -2.760395, 0.009587237, 0.1104846, 1552.717, 1.555405, 0.5704478, 18.51211
 
4.920018, 1, 0.02252883, 77.49331, 7.49594, -0.0146507676572735635084903468, 444528.5, -1902.313, -2.760395, 0.009587237, 0.1104846, 1555.212, 1.555081, 0.5696765, 18.52441
 
4.930018, 1, 0.03252883, 77.46663, 7.517755, -0.0123825711803616118177063766, 445074.7, -1901.72, -2.760395, 0.009587237, 0.1104846, 1557.716, 1.554831, 0.5689052, 18.53671
 
4.940018, 1, 0.04252883, 77.43939, 7.539064, -0.0094062195864558540279355589, 445623.2, -1901.124, -2.760395, 0.009587237, 0.1104846, 1560.23, 1.554655, 0.5681339, 18.54901
 
4.950018, 1, 0.05252883, 77.41236, 7.560669, -0.0057311634957018416398303560, 446173.5, -1900.528, -2.760395, 0.009587237, 0.1104846, 1562.755, 1.554551, 0.5673626, 18.56131
 
4.960019, 0.05078515, 0.06252883, 77.38589, 7.582841, -0.0013665526444707894271223193, 446726.2, -1899.93, -2.760395, 0.009587237, 0.1104846, 1565.288, 1.554519, 0.5665913, 18.57361
 
4.970019, -1, 0.06303668, 77.35856, 7.604238, 0.0033293388600331838429935669, 447280.8, -1899.331, -2.760395, 0.009587237, 0.1104846, 1567.832, 1.553831, 0.56582, 18.58591
 
4.980019, -1, 0.05303668, 77.33202, 7.626469, 0.0076150852675843027170931086, 447837.4, -1898.732, -2.760395, 0.009587237, 0.1104846, 1570.385, 1.552904, 0.5650486, 18.59821
 
4.990019, -1, 0.04303668, 77.30434, 7.647655, 0.0111108527888307266161009121, 448396, -1898.13, -2.760395, 0.009587237, 0.1104846, 1572.949, 1.55206, 0.5642774, 18.61051
 
5.00002, -1, 0.03303669, 77.27772, 7.669945, 0.0138261515269463795363381779, 448956.7, -1897.528, -2.760395, 0.009587237, 0.1104846, 1575.522, 1.551298, 0.563506, 18.62281
 
5.01002, -1, 0.02303669, 77.2508, 7.691997, 0.0157709662187758093991183800, 449519.4, -1896.924, -2.760395, 0.009587237, 0.1104846, 1578.105, 1.550616, 0.5627347, 18.63511
 
5.02002, -1, 0.01303669, 77.22334, 7.713539, 0.0169557004908531225658617414, 450084.2, -1896.319, -2.760395, 0.009587237, 0.1104846, 1580.698, 1.550014, 0.5619634, 18.64741
 
5.03002, -1, 0.003036687, 78.62589, 7.735649, 0.0173899239546703282713629872, 459921.8, -1895.713, -2.760395, 0.009587237, 0.1104846, 1583.288, 1.549487, 0.5611922, 18.65971
 
5.04002, -1, -0.006963313, 78.60008, 7.75752, 0.0170804407839244944095703505, 460511.7, -1895.118, -2.760395, 0.009587237, 0.1104846, 1585.887, 1.54904, 0.5604208, 18.67201
 
5.050021, -1, -0.01696331, 78.57424, 7.779689, 0.0160405928752451434816746147, 461102, -1894.521, -2.760395, 0.009587237, 0.1104846, 1588.496, 1.548667, 0.5596495, 18.68431
 
5.060021, -1, -0.02696331, 78.37283, 7.632424, 0.0142810674756357963642467941, 461615.8, -1893.924, -2.760395, 0.009587237, 0.1104846, 1590.982, 1.548367, 0.5588782, 18.69662
 
5.070021, -1, -0.03696331, 78.00121, 7.317173, 0.0118122155088812489180303194, 462052.6, -1893.433, -2.760395, 0.009587237, 0.1104846, 1593.344, 1.548162, 0.5581069, 18.70892
 
5.080021, -1, -0.04696331, 77.62621, 7.000821, 0.0086429990768897170745288478, 462412.3, -1893.045, -2.760395, 0.009587237, 0.1104846, 1595.582, 1.548049, 0.5573356, 18.72122
 
5.090022, -0.8878387, -0.05696331, 77.24905, 6.684451, 0.0047822154918290917374277056, 462695.4, -1892.762, -2.760395, 0.009587237, 0.1104846, 1597.695, 1.548029, 0.5565643, 18.73352
 
5.100022, 0.2044677, -0.0658417, 76.86863, 6.36698, 0.0002789065418263117863692765, 462901.6, -1892.583, -2.760395, 0.009587237, 0.1104846, 1599.684, 1.548097, 0.555793, 18.74582
 
5.110022, 1, -0.06379702, 76.48598, 6.04949, -0.0044175750033940491457023637, 463031, -1892.508, -2.760395, 0.009587237, 0.1104846, 1601.547, 1.547301, 0.5550217, 18.75812
 
5.120022, 1, -0.05379702, 76.10052, 5.73144, -0.0086150989341780289931926491, 463083.3, -1892.534, -2.760395, 0.009587237, 0.1104846, 1603.285, 1.546522, 0.5542504, 18.77042
 
5.130023, 1, -0.04379702, 75.71181, 5.412285, -0.0120290996233834601160893918, 463059.1, -1892.663, -2.760395, 0.009587237, 0.1104846, 1604.897, 1.545846, 0.5534791, 18.78272
 
5.140023, 1, -0.03379703, 75.32086, 5.093113, -0.0146709923623282903669043362, 462958.3, -1892.893, -2.760395, 0.009587237, 0.1104846, 1606.382, 1.545269, 0.5527077, 18.79502
 
5.150023, 1, -0.02379703, 74.92665, 4.772835, -0.0165499410228238357103079580, 462781.1, -1893.225, -2.760395, 0.009587237, 0.1104846, 1607.742, 1.544792, 0.5519364, 18.80732
 
5.160023, 1, -0.01379703, 74.53027, 4.452539, -0.0176759688254466685712272968, 462527.8, -1893.658, -2.760395, 0.009587237, 0.1104846, 1608.974, 1.544411, 0.5511652, 18.81962
 
5.170023, 1, -0.003797026, 74.13091, 4.131408, -0.0180584774543368923615556276, 462198.7, -1894.193, -2.760395, 0.009587237, 0.1104846, 1610.081, 1.544125, 0.5503939, 18.83192
 
5.180024, 1, 0.006202973, 73.90108, 3.976316, -0.0177066622983746433596736247, 461869.4, -1894.826, -2.760395, 0.009587237, 0.1104846, 1611.192, 1.543933, 0.5496225, 18.84422
 
5.190024, 1, 0.01620297, 73.83643, 3.986603, -0.0166276780905368409717979517, 461539.8, -1895.459, -2.760395, 0.009587237, 0.1104846, 1612.307, 1.543815, 0.5488513, 18.85652
 
5.200024, 1, 0.02620297, 73.77097, 3.996356, -0.0148300998285647225155306326, 461210, -1896.088, -2.760395, 0.009587237, 0.1104846, 1613.427, 1.543768, 0.5480799, 18.86882
 
