; EX 32% O-5101
; Exported from BurnSim 3.1 (www.burnsim.com)
O5100 102 1422 0 12.011 19.284 O5100
   0.01 4017.949
   0.12 4132.506
   0.23 4250.548
   0.34 4372.022
   0.45 4496.882
   0.56 4625.092
   0.67 4756.621
   0.78 4891.445
   0.89 5029.538
   1 5170.884
   1.11 5315.467
   1.22 5463.274
   1.33 5614.293
   1.44 5751.94
   1.55 5796.192
   1.66 5841.012
   1.77 5886.408
   1.88 5932.386
   1.99 5996.165
   2.1 6104.166
   2.21 6235.773
   2.32 6382.112
   2.43 5866.278
   2.54 5235.257
   2.65 5040.666
   2.76 4904.81
   2.87 4798.267
   2.98 4709.431
   3.09 4632.391
   3.2 4563.698
   3.31 4653.234
   3.42 4777.594
   3.53 4903.976
   3.64 5032.39
   3.75 5162.848
   3.86 5295.359
   3.97 5429.935
   4.08 5566.585
   4.19 5705.319
   4.3 5846.147
   4.41 5989.076
   4.52 6134.117
   4.63 6281.279
   4.74 3582.588
   4.85 3653.426
   4.96 3725.016
   5.07 3797.358
   5.18 3870.452
   5.29 3944.297
   5.4 0
;
Q11000 152 2134 P 39.69 57.872 Q11000
   0.01 8234.198
   0.18 8493.025
   0.35 8759.674
   0.52 9034.023
   0.69 9315.974
   0.86 9605.443
   1.03 9902.369
   1.2 10206.689
   1.37 10518.358
   1.54 10827.084
   1.71 10928.651
   1.88 11031.577
   2.05 11135.878
   2.22 11241.575
   2.39 11348.685
   2.56 11457.229
   2.73 11611.048
   2.9 11856.776
   3.07 12148.948
   3.24 12470.035
   3.41 12811.897
   3.58 13170.104
   3.75 13541.977
   3.92 13925.794
   4.09 14320.381
   4.26 11276.536
   4.43 10813.647
   4.6 10505.062
   4.77 10268.599
   4.94 10074.364
   5.11 10150.229
   5.28 10435.982
   5.45 10726.546
   5.62 11021.944
   5.79 11322.204
   5.96 11627.347
   6.13 11937.399
   6.3 12252.383
   6.47 12572.32
   6.64 12897.235
   6.81 13227.147
   6.98 13562.07
   7.15 13902.035
   7.32 14247.043
   7.49 14597.128
   7.66 5313.067
   7.83 5406.849
   8 5501.358
   8.17 5596.588
   8.2 0
;
