0.28, 0, 0, 28.9344, 13.31961, 0, 944.8929, -1230.006, -3.194287, 0.02042972, 0.1612821, 43.5092, 2.713969, 2.01971, 81.10603
 
0.29, -0.1466828, 0, 29.51805, 13.33701, 0.8270833600549729363963748034, 1013.986, -1230.445, -3.194287, 0.02042972, 0.1612821, 45.07286, 2.713969, 2.019274, 81.14433
 
0.3, -0.1513128, -0.001466828, 30.10298, 13.35443, 0.7996243902588822790954851966, 1085.632, -1230.885, -3.194287, 0.02042972, 0.1612821, 46.63911, 2.713969, 2.018839, 81.18263
 
0.31, -0.1558979, -0.002979956, 30.68587, 13.36856, 0.7738099361441532671344148034, 1159.841, -1231.325, -3.194287, 0.02042972, 0.1612821, 48.2079, 2.713969, 2.018404, 81.22093
 
0.32, -0.1604315, -0.004538935, 31.2733, 13.38601, 0.74947299430796552906046, 1236.623, -1231.765, -3.194287, 0.02042972, 0.1612821, 49.77921, 2.713969, 2.017968, 81.25924
 
0.33, -0.1649061, -0.006143249, 31.86031, 13.40181, 0.72646253394234526674756, 1315.987, -1232.206, -3.194287, 0.02042972, 0.1612821, 51.35301, 2.713969, 2.017533, 81.29755
 
0.3399999, -0.1693144, -0.00779231, 32.44856, 13.41763, 0.70464784440434222891778, 1397.945, -1232.647, -3.194287, 0.02042972, 0.1612821, 52.92932, 2.713969, 2.017097, 81.33585
 
0.3499999, -0.1736477, -0.009485454, 33.03802, 13.43345, 0.68390984007565119087552, 1482.507, -1233.088, -3.194287, 0.02042972, 0.1612821, 54.50809, 2.713969, 2.016662, 81.37415
 
0.3599999, -0.1778977, -0.01122193, 33.63034, 13.45095, 0.66414682561873530994422, 1569.68, -1233.529, -3.194287, 0.02042972, 0.1612821, 56.0893, 2.713969, 2.016227, 81.41245
 
0.3699999, -0.1820557, -0.01300091, 34.22221, 13.4668, 0.64526598986123289513096, 1659.477, -1233.971, -3.194287, 0.02042972, 0.1612821, 57.67295, 2.713969, 2.015791, 81.45076
 
0.3799999, -0.1861123, -0.01482147, 34.81529, 13.48266, 0.62718406738272576948588, 1751.907, -1234.413, -3.194287, 0.02042972, 0.1612821, 59.25903, 2.713969, 2.015356, 81.48907
 
0.3899999, -0.1900578, -0.01668259, 35.40955, 13.49854, 0.60982714948994830942806, 1846.978, -1234.855, -3.194287, 0.02042972, 0.1612821, 60.84748, 2.713969, 2.01492, 81.52737
 
0.3999999, -0.1938813, -0.01858317, 36.00664, 13.51608, 0.5931276598201320739596, 1944.7, -1235.297, -3.194287, 0.02042972, 0.1612821, 62.43832, 2.713969, 2.014485, 81.56567
 
0.4099999, -0.1975734, -0.02052198, 36.6016, 13.53032, 0.57702492141537868668798, 2045.083, -1235.74, -3.194287, 0.02042972, 0.1612821, 64.03153, 2.713969, 2.01405, 81.60397
 
0.4199999, -0.2011221, -0.02249771, 37.20105, 13.54789, 0.56146458964828695380370, 2148.139, -1236.183, -3.194287, 0.02042972, 0.1612821, 65.62714, 2.713969, 2.013614, 81.64228
 
0.4299999, -0.2045164, -0.02450893, 37.79835, 13.56215, 0.54639496623852913093494, 2253.876, -1236.626, -3.194287, 0.02042972, 0.1612821, 67.22512, 2.713969, 2.013179, 81.68059
 
0.4399998, -0.2077434, -0.0265541, 38.40014, 13.57974, 0.53177238645939330235998, 2362.304, -1237.07, -3.194287, 0.02042972, 0.1612821, 68.82545, 2.713969, 2.012743, 81.71889
 
0.4499998, -0.2107923, -0.02863153, 39.00143, 13.59569, 0.51755526485686811977242, 2473.434, -1237.514, -3.194287, 0.02042972, 0.1612821, 70.42814, 2.713969, 2.012308, 81.75719
 
0.4599998, -0.21365, -0.03073945, 39.60387, 13.61164, 0.5037062690347397951575148034, 2587.275, -1237.958, -3.194287, 0.02042972, 0.1612821, 72.03318, 2.713969, 2.011873, 81.79549
 
0.4699998, -0.2163028, -0.03287596, 40.20914, 13.62927, 0.49019099648105065045356, 2703.838, -1238.402, -3.194287, 0.02042972, 0.1612821, 73.64058, 2.713969, 2.011437, 81.8338
 
0.4799998, -0.2187389, -0.03503899, 40.81223, 13.64359, 0.47697684041936280474672, 2823.132, -1238.847, -3.194287, 0.02042972, 0.1612821, 75.25033, 2.713969, 2.011002, 81.8721
 
0.4899998, -0.2209426, -0.03722638, 41.41981, 13.66125, 0.46403648676738149550270, 2945.167, -1239.292, -3.194287, 0.02042972, 0.1612821, 76.86243, 2.713969, 2.010566, 81.91041
 
0.4999998, -0.2229026, -0.0394358, 42.0252, 13.67558, 0.4513435665667686538057148034, 3069.952, -1239.737, -3.194287, 0.02042972, 0.1612821, 78.47685, 2.713969, 2.010131, 81.94872
 
0.5099998, -0.2246011, -0.04166483, 42.63506, 13.69326, 0.4388728450079272491649251966, 3197.498, -1240.183, -3.194287, 0.02042972, 0.1612821, 80.09364, 2.713969, 2.009696, 81.98701
 
0.5199998, -0.2260267, -0.04391084, 43.24442, 13.70929, 0.42660324582667083715968, 3327.816, -1240.629, -3.194287, 0.02042972, 0.1612821, 81.71276, 2.713969, 2.00926, 82.02532
 
0.5299998, -0.2271633, -0.04617111, 43.8549, 13.72533, 0.4145141653207818689390348034, 3460.914, -1241.075, -3.194287, 0.02042972, 0.1612821, 83.33422, 2.713969, 2.008825, 82.06362
 
0.5399998, -0.2279964, -0.04844274, 44.46651, 13.74137, 0.4025878351599081508878, 3596.802, -1241.521, -3.194287, 0.02042972, 0.1612821, 84.958, 2.713969, 2.00839, 82.10193
 
0.5499998, -0.2285099, -0.0507227, 45.08094, 13.7591, 0.39080648701370221501056, 3735.492, -1241.968, -3.194287, 0.02042972, 0.1612821, 86.58414, 2.713969, 2.007954, 82.14024
 
0.5599998, -0.2286907, -0.0530078, 45.69315, 13.77351, 0.3791543373121188450182948034, 3876.989, -1242.415, -3.194287, 0.02042972, 0.1612821, 88.21258, 2.713969, 2.007519, 82.17854
 
0.5699998, -0.2285212, -0.05529471, 46.30816, 13.78959, 0.3676178707826005722156051966, 4021.305, -1242.862, -3.194287, 0.02042972, 0.1612821, 89.84335, 2.713969, 2.007083, 82.21684
 
0.5799997, -0.2279864, -0.05757992, 46.92596, 13.80736, 0.35618527337571802521372, 4168.449, -1243.309, -3.194287, 0.02042972, 0.1612821, 91.47643, 2.713969, 2.006648, 82.25514
 
0.5899997, -0.2270741, -0.05985979, 47.54153, 13.82179, 0.3448442584800559248229748034, 4318.43, -1243.757, -3.194287, 0.02042972, 0.1612821, 93.11181, 2.713969, 2.006212, 82.29345
 
0.5999997, -0.2257657, -0.06213053, 48.15988, 13.83791, 0.3335847132692969298539948034, 4471.256, -1244.205, -3.194287, 0.02042972, 0.1612821, 94.74947, 2.713969, 2.005777, 82.33176
 
0.6099997, -0.2240466, -0.06438819, 48.78102, 13.85572, 0.3223979426030577944212148034, 4626.938, -1244.653, -3.194287, 0.02042972, 0.1612821, 96.38945, 2.713969, 2.005342, 82.37006
 
0.6199997, -0.2219065, -0.06662865, 49.39991, 13.87018, 0.3112761964649091308857148034, 4785.488, -1245.102, -3.194287, 0.02042972, 0.1612821, 98.03174, 2.713969, 2.004906, 82.40836
 
0.6299997, -0.2193264, -0.06884772, 50.02159, 13.88633, 0.3002117248384215516085748034, 4946.913, -1245.551, -3.194287, 0.02042972, 0.1612821, 99.67632, 2.713969, 2.004471, 82.44666
 
0.6399997, -0.2162926, -0.07104098, 50.64606, 13.90417, 0.28919857344267885023106, 5111.224, -1246, -3.194287, 0.02042972, 0.1612821, 101.3232, 2.713969, 2.004036, 82.48497
 
0.6499997, -0.212795, -0.07320391, 51.26826, 13.91867, 0.2782308825091621909794051966, 5278.43, -1246.449, -3.194287, 0.02042972, 0.1612821, 102.9724, 2.713969, 2.0036, 82.52328
 
0.6599997, -0.2088154, -0.07533186, 51.89493, 13.93654, 0.26730487154205425061912, 5448.54, -1246.899, -3.194287, 0.02042972, 0.1612821, 104.6239, 2.713969, 2.003165, 82.56158
 
0.6699997, -0.2043471, -0.07742001, 52.51933, 13.95106, 0.2564169490703248860940148034, 5621.564, -1247.349, -3.194287, 0.02042972, 0.1612821, 106.2777, 2.713969, 2.002729, 82.59988
 
0.6799996, -0.1993746, -0.07946348, 53.14652, 13.96727, 0.2455652248460616552910251966, 5797.512, -1247.799, -3.194287, 0.02042972, 0.1612821, 107.9339, 2.713969, 2.002294, 82.63818
 
0.6899996, -0.1938853, -0.08145723, 53.77647, 13.98517, 0.23474657996021937783090, 5976.392, -1248.249, -3.194287, 0.02042972, 0.1612821, 109.5923, 2.713969, 2.001859, 82.67649
 
0.6999996, -0.1878766, -0.08339608, 54.40414, 13.99972, 0.22396214856154003726254, 6158.215, -1248.7, -3.194287, 0.02042972, 0.1612821, 111.253, 2.713969, 2.001423, 82.71479
 
0.7099996, -0.1813298, -0.08527485, 55.03628, 14.01765, 0.21320909527816016859810, 6342.989, -1249.151, -3.194287, 0.02042972, 0.1612821, 112.916, 2.713969, 2.000988, 82.7531
 
0.7199996, -0.1742467, -0.08708815, 55.66613, 14.03222, 0.2024903499943406074103948034, 6530.728, -1249.602, -3.194287, 0.02042972, 0.1612821, 114.5813, 2.713969, 2.000553, 82.7914
 
0.7299996, -0.1666116, -0.08883061, 56.29961, 14.04934, 0.19180506209851919529402, 6721.437, -1250.054, -3.194287, 0.02042972, 0.1612821, 116.2489, 2.713969, 2.000117, 82.8297
 
0.7399996, -0.1584242, -0.09049673, 56.93245, 14.06477, 0.1811560669625622326086851966, 6915.123, -1250.506, -3.194287, 0.02042972, 0.1612821, 117.9188, 2.713969, 1.999682, 82.86801
 
0.7499996, -0.1496778, -0.09208097, 57.56805, 14.08191, 0.1705466725203134213994, 7111.792, -1250.958, -3.194287, 0.02042972, 0.1612821, 119.591, 2.713969, 1.999246, 82.90631
 
0.7599996, -0.1403736, -0.09357774, 58.20303, 14.09737, 0.15998056475519365943964, 7311.457, -1251.411, -3.194287, 0.02042972, 0.1612821, 121.2654, 2.713969, 1.998811, 82.94462
 
0.7699996, -0.1305066, -0.09498148, 58.83991, 14.11368, 0.14946057903906830196516, 7514.125, -1251.863, -3.194287, 0.02042972, 0.1612821, 122.9421, 2.713969, 1.998375, 82.98293
 
0.7799996, -0.1200807, -0.09628654, 59.47699, 14.12916, 0.13899257514045712987368, 7719.808, -1252.316, -3.194287, 0.02042972, 0.1612821, 124.621, 2.713969, 1.99794, 83.02122
 
0.7899995, -0.1090955, -0.09748735, 60.116, 14.1455, 0.12858118416673867968114, 7928.513, -1252.769, -3.194287, 0.02042972, 0.1612821, 126.3023, 2.713969, 1.997505, 83.05953
 
0.7999995, -0.09755523, -0.0985783, 60.75605, 14.16185, 0.11823141527487340925172, 8140.249, -1253.223, -3.194287, 0.02042972, 0.1612821, 127.9858, 2.713969, 1.997069, 83.09783
 
0.8099995, -0.08546873, -0.09955385, 61.39714, 14.17821, 0.10795158555566358824670, 8355.025, -1253.677, -3.194287, 0.02042972, 0.1612821, 129.6715, 2.713969, 1.996634, 83.13614
 
0.8199995, -0.07284396, -0.1004085, 62.03844, 14.19373, 0.0977475547776289975638, 8572.849, -1254.13, -3.194287, 0.02042972, 0.1612821, 131.3595, 2.713969, 1.996199, 83.17445
 
0.8299995, -0.05969118, -0.101137, 62.68163, 14.21012, 0.0876281220447889510957014803, 8793.731, -1254.585, -3.194287, 0.02042972, 0.1612821, 133.0498, 2.713969, 1.995763, 83.21275
 
0.8399995, -0.0460223, -0.1017339, 63.32586, 14.22651, 0.077599931578545433000536, 9017.679, -1255.04, -3.194287, 0.02042972, 0.1612821, 134.7423, 2.713969, 1.995328, 83.25105
 
0.8499995, -0.03185619, -0.1021941, 63.97029, 14.24207, 0.0676731434614129575618354803, 9244.705, -1255.495, -3.194287, 0.02042972, 0.1612821, 136.4371, 2.713969, 1.994892, 83.28935
 
0.8599995, -0.01720658, -0.1025127, 64.61658, 14.25848, 0.057855611673455562739704, 9474.814, -1255.949, -3.194287, 0.02042972, 0.1612821, 138.1342, 2.713969, 1.994457, 83.32766
 
0.8699995, -0.002095895, -0.1026847, 65.26392, 14.27491, 0.048157430138510832069336, 9708.018, -1256.405, -3.194287, 0.02042972, 0.1612821, 139.8335, 2.713969, 1.994022, 83.36596
 
0.8799995, 0.01345185, -0.1027057, 65.91229, 14.29136, 0.038589136988674728620526, 9944.322, -1256.861, -3.194287, 0.02042972, 0.1612821, 141.535, 2.713969, 1.993586, 83.40427
 
0.8899994, 0.02940939, -0.1025712, 66.56084, 14.30696, 0.029161289258522406042876, 10183.74, -1257.317, -3.194287, 0.02042972, 0.1612821, 143.2388, 2.713969, 1.993151, 83.44257
 
0.8999994, 0.04575024, -0.1022771, 67.21127, 14.32342, 0.0198846424586596212062094803, 10426.27, -1257.773, -3.194287, 0.02042972, 0.1612821, 144.9449, 2.713969, 1.992715, 83.48087
 
0.9099994, 0.06244078, -0.1018196, 67.86272, 14.3399, 0.010770849967448816132838, 10671.94, -1258.23, -3.194287, 0.02042972, 0.1612821, 146.6533, 2.713969, 1.99228, 83.51918
 
0.9199994, 0.07944746, -0.1011952, 68.51431, 14.35553, 0.0018303308313680267174424, 10920.73, -1258.686, -3.194287, 0.02042972, 0.1612821, 148.3638, 2.713969, 1.991845, 83.55748
 
0.9299994, 0.09673447, -0.1004007, 69.16776, 14.37203, -0.0069248825765142398412642, 11172.67, -1259.144, -3.194287, 0.02042972, 0.1612821, 150.0766, 2.713969, 1.991409, 83.59579
 
0.9399994, 0.1142572, -0.09943335, 69.8205, 14.38683, -0.015482207820987686270484, 11427.75, -1259.601, -3.194287, 0.02042972, 0.1612821, 151.7916, 2.713969, 1.990974, 83.63409
 
0.9499994, 0.1319769, -0.09829078, 70.47681, 14.40421, -0.023829164540229134061444, 11686, -1260.058, -3.194287, 0.02042972, 0.1612821, 153.5088, 2.713969, 1.990538, 83.67239
 
0.9599994, 0.1498435, -0.09697101, 71.13239, 14.41989, -0.0319539982276125991815965197, 11947.4, -1260.516, -3.194287, 0.02042972, 0.1612821, 155.2282, 2.713969, 1.990103, 83.7107
 
0.9699994, 0.1678096, -0.09547258, 71.78896, 14.43558, -0.039844214344455864608796, 12211.98, -1260.975, -3.194287, 0.02042972, 0.1612821, 156.9499, 2.713969, 1.989668, 83.749
 
0.9799994, 0.1858207, -0.09379449, 72.44653, 14.45127, -0.047486014081018517595096, 12479.75, -1261.433, -3.194287, 0.02042972, 0.1612821, 158.6737, 2.713969, 1.989232, 83.78731
 
0.9899994, 0.203826, -0.09193628, 73.10593, 14.46784, -0.054868292230831713048342, 12750.7, -1261.892, -3.194287, 0.02042972, 0.1612821, 160.3998, 2.713969, 1.988797, 83.82561
 
0.9999993, 0.221766, -0.08989802, 73.76545, 14.48356, -0.06197848809653611417326, 13024.85, -1262.351, -3.194287, 0.02042972, 0.1612821, 162.128, 2.713969, 1.988361, 83.86391
 
1.009999, 0.2395804, -0.08768036, 74.42682, 14.50015, -0.068803284881608541478096, 13302.2, -1262.81, -3.194287, 0.02042972, 0.1612821, 163.8585, 2.713969, 1.987926, 83.90222
 
1.019999, 0.2572073, -0.08528456, 75.08829, 14.51589, -0.075331530123382315189770, 13582.78, -1263.27, -3.194287, 0.02042972, 0.1612821, 165.5912, 2.713969, 1.987491, 83.94052
 
1.029999, 0.2745799, -0.08271249, 75.75074, 14.53165, -0.0815498881228552542615114803, 13866.57, -1263.729, -3.194287, 0.02042972, 0.1612821, 167.3261, 2.713969, 1.987055, 83.97883
 
1.039999, 0.2916337, -0.07996669, 76.41502, 14.54827, -0.087447329283474519821232, 14153.6, -1264.19, -3.194287, 0.02042972, 0.1612821, 169.0633, 2.713969, 1.98662, 84.01714
 
1.049999, 0.3082991, -0.07705035, 77.07941, 14.56405, -0.0930128429111670306510234803, 14443.87, -1264.65, -3.194287, 0.02042972, 0.1612821, 170.8026, 2.713969, 1.986185, 84.05544
 
1.059999, 0.3245037, -0.07396736, 77.74477, 14.57984, -0.0982342936143527334228, 14737.38, -1265.111, -3.194287, 0.02042972, 0.1612821, 172.5442, 2.713969, 1.985749, 84.09374
 
1.069999, 0.3401788, -0.07072232, 78.41194, 14.5965, -0.10310224905596297403516, 15034.15, -1265.572, -3.194287, 0.02042972, 0.1612821, 174.288, 2.713969, 1.985314, 84.13204
 
1.079999, 0.3552475, -0.06732053, 79.07922, 14.6123, -0.10760576470060103494416, 15334.19, -1266.033, -3.194287, 0.02042972, 0.1612821, 176.034, 2.713969, 1.984878, 84.17035
 
1.089999, 0.3696357, -0.06376806, 79.7483, 14.62899, -0.11173501125913696109556, 15637.5, -1266.494, -3.194287, 0.02042972, 0.1612821, 177.7822, 2.713969, 1.984443, 84.20866
 
1.099999, 0.3832684, -0.0600717, 80.41747, 14.64482, -0.11548167164076848282808, 15944.08, -1266.956, -3.194287, 0.02042972, 0.1612821, 179.5325, 2.713969, 1.984007, 84.24696
 
1.109999, 0.3960694, -0.05623902, 81.0867, 14.65979, -0.11883723972990236980632, 16253.94, -1267.418, -3.194287, 0.02042972, 0.1612821, 181.2851, 2.713969, 1.983572, 84.28526
 
1.119999, 0.4079698, -0.05227832, 81.75861, 14.67651, -0.12179595027041432146962, 16567.1, -1267.88, -3.194287, 0.02042972, 0.1612821, 183.0399, 2.713969, 1.983137, 84.32356
 
1.129999, 0.4188862, -0.04819863, 82.43058, 14.69237, -0.1243490136095246664714, 16883.56, -1268.343, -3.194287, 0.02042972, 0.1612821, 184.7968, 2.713969, 1.982701, 84.36187
 
1.139999, 0.4287503, -0.04400976, 83.1035, 14.70825, -0.12649227120183226998102, 17203.32, -1268.806, -3.194287, 0.02042972, 0.1612821, 186.556, 2.713969, 1.982266, 84.40017
 
1.149999, 0.4374861, -0.03972226, 83.77732, 14.72413, -0.12822033584079475278606, 17526.4, -1269.269, -3.194287, 0.02042972, 0.1612821, 188.3173, 2.713969, 1.981831, 84.43848
 
1.159999, 0.4450236, -0.0353474, 84.45123, 14.73917, -0.12952961605538386207824, 17852.8, -1269.733, -3.194287, 0.02042972, 0.1612821, 190.0808, 2.713969, 1.981395, 84.47678
 
1.169999, 0.4512912, -0.03089716, 85.12776, 14.75594, -0.13041661488696682538634, 18182.53, -1270.196, -3.194287, 0.02042972, 0.1612821, 191.8465, 2.713969, 1.98096, 84.51508
 
1.179999, 0.4562278, -0.02638425, 85.80437, 14.77186, -0.1308817103851255640586, 18515.6, -1270.66, -3.194287, 0.02042972, 0.1612821, 193.6144, 2.713969, 1.980524, 84.55339
 
1.189999, 0.4597665, -0.02182197, 86.48187, 14.78778, -0.13092348486392787303912, 18852.02, -1271.124, -3.194287, 0.02042972, 0.1612821, 195.3845, 2.713969, 1.980089, 84.59169
 
1.199999, 0.4618481, -0.01722431, 87.15943, 14.80285, -0.13054288344732855569850, 19191.79, -1271.589, -3.194287, 0.02042972, 0.1612821, 197.1568, 2.713969, 1.979654, 84.63
 
1.209999, 0.4624164, -0.01260583, 87.83965, 14.81967, -0.12974179638323721877794, 19534.93, -1272.054, -3.194287, 0.02042972, 0.1612821, 198.9313, 2.713969, 1.979218, 84.6683
 
1.219999, 0.4614246, -0.007981664, 88.51991, 14.83563, -0.12852513831621883980456, 19881.44, -1272.519, -3.194287, 0.02042972, 0.1612821, 200.708, 2.713969, 1.978783, 84.7066
 
1.229999, 0.4588218, -0.003367417, 89.20107, 14.8516, -0.1268961226677197502384, 20231.32, -1272.984, -3.194287, 0.02042972, 0.1612821, 202.4869, 2.713969, 1.978347, 84.74491
 
1.239999, 0.4545702, 0.001220801, 89.88314, 14.86759, -0.12486174335500549502190, 20584.6, -1273.45, -3.194287, 0.02042972, 0.1612821, 204.2681, 2.713969, 1.977912, 84.78321
 
1.249999, 0.4486377, 0.005766503, 90.56613, 14.88358, -0.12242993941929642246810, 20941.27, -1273.916, -3.194287, 0.02042972, 0.1612821, 206.0514, 2.713969, 1.977477, 84.82152
 
1.259999, 0.4409961, 0.01025288, 91.24914, 14.89872, -0.11960959502576768426064, 21301.35, -1274.382, -3.194287, 0.02042972, 0.1612821, 207.837, 2.713969, 1.977041, 84.85983
 
1.269999, 0.431626, 0.01466284, 91.93476, 14.9156, -0.11641148458750403882436, 21664.83, -1274.848, -3.194287, 0.02042972, 0.1612821, 209.6247, 2.713969, 1.976606, 84.89812
 
1.279999, 0.4205159, 0.0189791, 92.62045, 14.93162, -0.11284761117873148896588, 22031.74, -1275.315, -3.194287, 0.02042972, 0.1612821, 211.4147, 2.713969, 1.976171, 84.93643
 
1.289999, 0.407665, 0.02318426, 93.30613, 14.94679, -0.1089321516587720852442, 22402.06, -1275.782, -3.194287, 0.02042972, 0.1612821, 213.2069, 2.713969, 1.975735, 84.97473
 
1.299999, 0.3930731, 0.02726091, 93.99355, 14.96284, -0.10467881032497047653302, 22775.81, -1276.249, -3.194287, 0.02042972, 0.1612821, 215.0013, 2.713969, 1.9753, 85.01304
 
1.309999, 0.3767563, 0.03119164, 94.68186, 14.9789, -0.10010459940851312350314, 23153, -1276.717, -3.194287, 0.02042972, 0.1612821, 216.7978, 2.713969, 1.974864, 85.05134
 
1.319999, 0.3587398, 0.0349592, 95.37016, 14.99409, -0.09522747626454129019596, 23533.62, -1277.185, -3.194287, 0.02042972, 0.1612821, 218.5966, 2.713969, 1.974429, 85.08965
 
1.329999, 0.3390595, 0.0385466, 96.05933, 15.0093, -0.090067449167178163967082, 23917.7, -1277.653, -3.194287, 0.02042972, 0.1612821, 220.3975, 2.713969, 1.973993, 85.12795
 
1.339999, 0.3177545, 0.04193719, 96.7511, 15.02626, -0.0846441105360069132014394803, 24305.22, -1278.121, -3.194287, 0.02042972, 0.1612821, 222.2006, 2.713969, 1.973558, 85.16625
 
1.349999, 0.2948847, 0.04511474, 97.44196, 15.04149, -0.07898032291949394789666, 24696.21, -1278.59, -3.194287, 0.02042972, 0.1612821, 224.0058, 2.713969, 1.973123, 85.20456
 
1.359999, 0.2705126, 0.04806359, 98.1337, 15.05672, -0.073098854353710764787684, 25090.67, -1279.059, -3.194287, 0.02042972, 0.1612821, 225.8133, 2.713969, 1.972687, 85.24286
 
1.369999, 0.2447124, 0.05076871, 98.82716, 15.07284, -0.0670239094631396891707865197, 25488.6, -1279.528, -3.194287, 0.02042972, 0.1612821, 227.623, 2.713969, 1.972252, 85.28117
 
1.379999, 0.2175721, 0.05321584, 99.52148, 15.08898, -0.060781176716872560196062, 25890.01, -1279.998, -3.194287, 0.02042972, 0.1612821, 229.4348, 2.713969, 1.971817, 85.31947
 
1.389999, 0.1891887, 0.05539156, 100.2157, 15.10425, -0.054396930560852628029004, 26294.91, -1280.467, -3.194287, 0.02042972, 0.1612821, 231.2488, 2.713969, 1.971381, 85.35777
 
1.399999, 0.1596665, 0.05728345, 100.9118, 15.1204, -0.0478980408691151415205614803, 26703.31, -1280.938, -3.194287, 0.02042972, 0.1612821, 233.065, 2.713969, 1.970946, 85.39608
 
1.409999, 0.12913, 0.05888011, 101.6086, 15.13657, -0.041313900996654201959208, 27115.21, -1281.408, -3.194287, 0.02042972, 0.1612821, 234.8833, 2.713969, 1.97051, 85.43438
 
1.419999, 0.09770607, 0.06017141, 102.3054, 15.15187, -0.034672874113353742033836, 27530.61, -1281.878, -3.194287, 0.02042972, 0.1612821, 236.7039, 2.713969, 1.970075, 85.47269
 
1.429999, 0.06552736, 0.06114848, 103.0038, 15.16805, -0.0280034651576906314017414803, 27949.53, -1282.349, -3.194287, 0.02042972, 0.1612821, 238.5266, 2.713969, 1.96964, 85.51099
 
1.439999, 0.03275159, 0.06180375, 103.7023, 15.18337, -0.021337250720994567137484, 28371.98, -1282.82, -3.194287, 0.02042972, 0.1612821, 240.3516, 2.713969, 1.969204, 85.54929
 
1.449999, -0.0004665038, 0.06213127, 104.4024, 15.19958, -0.014704229037591291761094, 28797.95, -1283.292, -3.194287, 0.02042972, 0.1612821, 242.1786, 2.713969, 1.968769, 85.5876
 
1.459999, -0.03395893, 0.0621266, 105.0947, 15.20788, -0.0081340146214805101233168520, 29227, -1283.763, -3.194287, 0.02042972, 0.1612821, 244.006, 2.713969, 1.968333, 85.6259
 
1.469999, -0.06754529, 0.06178701, 105.7793, 15.20828, -0.0016581046735800182552472520, 29659.12, -1284.235, -3.194287, 0.02042972, 0.1612821, 245.8336, 2.713969, 1.967898, 85.66421
 
1.479999, -0.1010559, 0.06111156, 106.4656, 15.21043, 0.0046941641585530872196908, 30094.31, -1284.708, -3.194287, 0.02042972, 0.1612821, 247.6615, 2.713969, 1.967463, 85.70251
 
1.489999, -0.1342959, 0.060101, 107.1494, 15.20993, 0.01089208101713144447970, 30532.56, -1285.18, -3.194287, 0.02042972, 0.1612821, 249.4897, 2.713969, 1.967027, 85.74081
 
1.499999, -0.1670775, 0.05875804, 107.8351, 15.21119, 0.016906443462199529528742, 30973.86, -1285.653, -3.194287, 0.02042972, 0.1612821, 251.318, 2.713969, 1.966592, 85.77912
 
1.509999, -0.1992062, 0.05708726, 108.5208, 15.21244, 0.022709013080235727260030, 31418.22, -1286.126, -3.194287, 0.02042972, 0.1612821, 253.1466, 2.713969, 1.966156, 85.81742
 
1.519999, -0.2304781, 0.0550952, 109.2056, 15.2128, 0.0282709257856602482230445197, 31865.62, -1286.599, -3.194287, 0.02042972, 0.1612821, 254.9755, 2.713969, 1.965721, 85.85573
 
1.529999, -0.2606941, 0.05279042, 109.8906, 15.21316, 0.03356532115567786416252, 32316.07, -1287.073, -3.194287, 0.02042972, 0.1612821, 256.8046, 2.713969, 1.965286, 85.89403
 
1.539999, -0.2896594, 0.05018348, 110.5773, 15.21528, 0.038567068344330069917016, 32769.55, -1287.547, -3.194287, 0.02042972, 0.1612821, 258.6339, 2.713969, 1.96485, 85.93233
 
1.549999, -0.3171729, 0.04728689, 111.2615, 15.21474, 0.0432517453486249354150194803, 33226.06, -1288.021, -3.194287, 0.02042972, 0.1612821, 260.4634, 2.713969, 1.964415, 85.97064
 
1.559999, -0.3430373, 0.04411516, 111.9483, 15.21685, 0.047595563398619776281342, 33685.6, -1288.495, -3.194287, 0.02042972, 0.1612821, 262.2932, 2.713969, 1.963979, 86.00894
 
1.569999, -0.3670634, 0.04068478, 112.6325, 15.2163, 0.0515780322069746444661665197, 34148.16, -1288.97, -3.194287, 0.02042972, 0.1612821, 264.1231, 2.713969, 1.963544, 86.04725
 
1.579999, -0.3890639, 0.03701415, 113.3185, 15.21751, 0.055178954474775580964562, 34613.74, -1289.445, -3.194287, 0.02042972, 0.1612821, 265.9533, 2.713969, 1.963109, 86.08555
 
1.589999, -0.4088622, 0.03312351, 114.0046, 15.21871, 0.0583812234584402667190865197, 35082.34, -1289.92, -3.194287, 0.02042972, 0.1612821, 267.7837, 2.713969, 1.962673, 86.12386
 
1.599999, -0.4262901, 0.02903489, 114.6897, 15.21903, 0.061169471442463976973366, 35553.94, -1290.396, -3.194287, 0.02042972, 0.1612821, 269.6143, 2.713969, 1.962238, 86.16216
 
1.609999, -0.4411943, 0.02477199, 115.3758, 15.22023, 0.063531203888163927630882, 36028.54, -1290.872, -3.194287, 0.02042972, 0.1612821, 271.4452, 2.713969, 1.961802, 86.20046
 
1.619999, -0.4534266, 0.02036005, 116.061, 15.22053, 0.065455306137831725565774, 36506.14, -1291.348, -3.194287, 0.02042972, 0.1612821, 273.2762, 2.713969, 1.961367, 86.23877
 
1.629999, -0.4628611, 0.01582578, 116.7471, 15.22171, 0.066934236102308039880654, 36986.73, -1291.824, -3.194287, 0.02042972, 0.1612821, 275.1074, 2.713969, 1.960932, 86.27707
 
1.639999, -0.4693762, 0.01119717, 117.4323, 15.222, 0.067961566938700207655442, 37470.27, -1292.301, -3.194287, 0.02042972, 0.1612821, 276.9387, 2.713969, 1.960496, 86.31538
 
1.649999, -0.472882, 0.006503407, 118.1165, 15.2214, 0.0685355690701708442095445197, 37956.77, -1292.778, -3.194287, 0.02042972, 0.1612821, 278.7701, 2.713969, 1.960061, 86.35368
 
1.659999, -0.4732991, 0.001774587, 118.8015, 15.22167, 0.0686560629231689149521294803, 38446.21, -1293.255, -3.194287, 0.02042972, 0.1612821, 280.6015, 2.713969, 1.959625, 86.39198
 
1.669999, -0.4705704, -0.002958403, 119.4865, 15.22194, 0.068326063443109675561038, 38938.6, -1293.733, -3.194287, 0.02042972, 0.1612821, 282.4331, 2.713969, 1.95919, 86.43029
 
1.679999, -0.4646661, -0.007664107, 120.1706, 15.22132, 0.067552195948916675713758, 39433.92, -1294.21, -3.194287, 0.02042972, 0.1612821, 284.2647, 2.713969, 1.958755, 86.46859
 
1.689999, -0.4555691, -0.01231077, 120.8555, 15.22157, 0.066342654665277966120996, 39932.18, -1294.688, -3.194287, 0.02042972, 0.1612821, 286.0965, 2.713969, 1.958319, 86.5069
 
1.699999, -0.4432925, -0.01686646, 121.5394, 15.22094, 0.0647093765077428078658254803, 40433.36, -1295.167, -3.194287, 0.02042972, 0.1612821, 287.9283, 2.713969, 1.957884, 86.5452
 
1.709999, -0.427867, -0.02129938, 122.2241, 15.22118, 0.062666273700925623026292, 40937.46, -1295.645, -3.194287, 0.02042972, 0.1612821, 289.7602, 2.713969, 1.957449, 86.5835
 
1.719999, -0.409369, -0.02557805, 122.9079, 15.22053, 0.060232777993337452439118, 41444.48, -1296.124, -3.194287, 0.02042972, 0.1612821, 291.5922, 2.713969, 1.957013, 86.62181
 
1.729999, -0.3878702, -0.02967174, 123.5934, 15.22165, 0.0574271019235873570557654803, 41954.4, -1296.603, -3.194287, 0.02042972, 0.1612821, 293.4243, 2.713969, 1.956578, 86.66011
 
1.739999, -0.3634832, -0.03355044, 124.2761, 15.22009, 0.0542718150517158523413714803, 42467.22, -1297.083, -3.194287, 0.02042972, 0.1612821, 295.2564, 2.713969, 1.956142, 86.69842
 
1.749999, -0.3363579, -0.03718528, 124.9605, 15.2203, 0.050793976276548958796214, 42982.93, -1297.562, -3.194287, 0.02042972, 0.1612821, 297.0886, 2.713969, 1.955707, 86.73672
 
1.759999, -0.3066558, -0.04054886, 125.6448, 15.22051, 0.04702076736302701038354, 43501.53, -1298.042, -3.194287, 0.02042972, 0.1612821, 298.9209, 2.713969, 1.955272, 86.77502
 
1.769999, -0.274558, -0.04361542, 126.329, 15.22072, 0.0429810334942504169492705197, 44023.02, -1298.522, -3.194287, 0.02042972, 0.1612821, 300.7532, 2.713969, 1.954836, 86.81333
 
1.779999, -0.2402846, -0.046361, 127.0122, 15.22002, 0.0387074570565766570983354803, 44547.37, -1299.003, -3.194287, 0.02042972, 0.1612821, 302.5856, 2.713969, 1.954401, 86.85163
 
1.789999, -0.2040664, -0.04876384, 127.6953, 15.21932, 0.034232994522309157289184, 45074.59, -1299.484, -3.194287, 0.02042972, 0.1612821, 304.4181, 2.713969, 1.953965, 86.88994
 
1.799999, -0.1661729, -0.05080451, 128.3791, 15.2195, 0.029594269444696926182148, 45604.66, -1299.965, -3.194287, 0.02042972, 0.1612821, 306.2505, 2.713969, 1.95353, 86.92824
 
1.809999, -0.1268887, -0.05246624, 129.0629, 15.21968, 0.024828377938965901560882, 46137.6, -1300.446, -3.194287, 0.02042972, 0.1612821, 308.0831, 2.713969, 1.953095, 86.96655
 
1.819999, -0.08650593, -0.05373512, 129.7456, 15.21895, 0.019972151485634770777668, 46673.36, -1300.928, -3.194287, 0.02042972, 0.1612821, 309.9156, 2.713969, 1.952659, 87.00485
 
1.829999, -0.0453346, -0.05460018, 130.4289, 15.21911, 0.015063508457770245060978, 47211.92, -1301.41, -3.194287, 0.02042972, 0.1612821, 311.748, 2.713969, 1.952224, 87.04315
 
1.839999, -0.003720265, -0.05505353, 131.1113, 15.21837, 0.010143041929231129178082, 47753.37, -1301.892, -3.194287, 0.02042972, 0.1612821, 313.5807, 2.713969, 1.951789, 87.08146
 
1.849999, 0.03801475, -0.05509073, 131.7936, 15.21763, 0.0052476835636753196385456, 48297.61, -1302.374, -3.194287, 0.02042972, 0.1612821, 315.4133, 2.713969, 1.951353, 87.11976
 
1.859999, 0.07950198, -0.05471059, 132.4756, 15.21687, 0.00041839399366764424046514, 48844.64, -1302.857, -3.194287, 0.02042972, 0.1612821, 317.2458, 2.713969, 1.950918, 87.15807
 
1.869999, 0.1204759, -0.05391557, 133.259, 15.21701, -0.004308671558239903400012, 49394.46, -1304.452, -3.194287, 0.02042972, 0.1612821, 319.0783, 2.714137, 1.950482, 87.19637
 
1.879999, 0.1630474, -0.05271081, 135.9832, 15.21714, -0.0090033727465861315902267279, 49947.04, -1327.37, -3.194287, 0.02042972, 0.1612821, 320.9107, 2.718039, 1.950047, 87.23467
 
1.889999, 0.205258, -0.05108033, 138.1276, 15.21546, -0.01362701541701125253296, 50502.29, -1343.732, -3.194287, 0.02042972, 0.1612821, 322.7427, 2.721884, 1.949611, 87.27298
 
1.899999, 0.246694, -0.04902776, 139.7445, 15.21558, -0.0181330967166041644719837214, 51060.11, -1354.174, -3.194287, 0.02042972, 0.1612821, 324.574, 2.725675, 1.949176, 87.31128
 
1.909999, 0.2869047, -0.04656082, 140.8813, 15.21479, -0.0224724268168824846729435746, 51620.47, -1359.335, -3.194287, 0.02042972, 0.1612821, 326.4047, 2.729418, 1.948741, 87.34959
 
1.919999, 0.3254529, -0.04369177, 141.5917, 15.21488, -0.0265982513606671602693811827, 52183.28, -1359.855, -3.194287, 0.02042972, 0.1612821, 328.2343, 2.733118, 1.948305, 87.38789
 
1.929999, 0.3618809, -0.04043724, 141.9273, 15.21408, -0.0304631870674385727330989263, 52748.71, -1356.376, -3.194287, 0.02042972, 0.1612821, 330.0634, 2.736783, 1.94787, 87.42619
 
1.939999, 0.3957057, -0.03681843, 141.943, 15.21327, -0.0340190213008456985916, 53316.64, -1349.537, -3.194287, 0.02042972, 0.1612821, 331.8919, 2.74042, 1.947435, 87.4645
 
1.949998, 0.4264539, -0.03286137, 141.6941, 15.21245, -0.0372206618059545837402, 53887.17, -1339.975, -3.194287, 0.02042972, 0.1612821, 333.7199, 2.744038, 1.946999, 87.5028
 
1.959998, 0.4536346, -0.02859684, 141.2379, 15.21252, -0.0400235909914102269219, 54460.27, -1328.326, -3.194287, 0.02042972, 0.1612821, 335.5474, 2.747648, 1.946564, 87.54111
 
1.969998, 0.4767676, -0.02406049, 140.6301, 15.21169, -0.0423871700735938808069, 55035.83, -1315.225, -3.194287, 0.02042972, 0.1612821, 337.3742, 2.751257, 1.946128, 87.57941
 
1.979998, 0.4953592, -0.01929281, 139.9316, 15.21174, -0.0442719842743055462577216105, 55613.94, -1301.31, -3.194287, 0.02042972, 0.1612821, 339.2004, 2.754876, 1.945693, 87.61771
 
1.989998, 0.5089577, -0.01433922, 139.2003, 15.21089, -0.0456457107374209721183204669, 56194.58, -1287.213, -3.194287, 0.02042972, 0.1612821, 341.0261, 2.758515, 1.945257, 87.65602
 
1.999998, 0.5170968, -0.009249643, 138.4981, 15.21004, -0.0464776099239919447596, 56777.62, -1273.567, -3.194287, 0.02042972, 0.1612821, 342.851, 2.762184, 1.944822, 87.69432
 
2.009999, 0.519353, -0.004078676, 137.8876, 15.20917, -0.046743822111957049273, 57363.16, -1261.008, -3.194287, 0.02042972, 0.1612821, 344.6752, 2.765892, 1.944387, 87.73263
 
2.019999, 0.515353, 0.001114854, 137.4327, 15.2092, -0.0464278383076155635684435683, 57951.16, -1250.164, -3.194287, 0.02042972, 0.1612821, 346.4989, 2.769649, 1.943951, 87.77093
 
2.029999, 0.5047573, 0.006268384, 137.1954, 15.20742, -0.0455187868617922818295044667, 58541.63, -1241.668, -3.194287, 0.02042972, 0.1612821, 348.3219, 2.773464, 1.943516, 87.80923
 
2.039999, 0.4872821, 0.01131596, 137.2436, 15.20653, -0.0440130105949713898513, 59134.41, -1236.148, -3.194287, 0.02042972, 0.1612821, 350.1439, 2.777345, 1.943081, 87.84754
 
2.049999, 0.4627211, 0.01618878, 137.6442, 15.20654, -0.0419151974276076752079, 59729.62, -1234.234, -3.194287, 0.02042972, 0.1612821, 351.9653, 2.781298, 1.942645, 87.88584
 
2.059999, 0.4309875, 0.02081599, 138.4629, 15.20564, -0.0392413989848092998067, 60327.21, -1236.552, -3.194287, 0.02042972, 0.1612821, 353.7859, 2.78533, 1.94221, 87.92415
 
2.069999, 0.3920692, 0.02512586, 139.7685, 15.20382, -0.0360142337756394129132, 60927.19, -1243.727, -3.194287, 0.02042972, 0.1612821, 355.6058, 2.789444, 1.941774, 87.96245
 
2.079998, 0.346092, 0.02904655, 141.6336, 15.2038, -0.0322672999062791813800, 61529.52, -1256.386, -3.194287, 0.02042972, 0.1612821, 357.425, 2.793644, 1.941339, 88.00076
 
2.089998, 0.2933069, 0.03250748, 144.1261, 15.20288, -0.0280428074512590441634, 62134.18, -1275.151, -3.194287, 0.02042972, 0.1612821, 359.2433, 2.79793, 1.940904, 88.03906
 
2.099998, 0.2341425, 0.03544055, 147.3192, 15.20195, -0.0233946608729972627104, 62741.17, -1300.648, -3.194287, 0.02042972, 0.1612821, 361.0609, 2.802302, 1.940468, 88.07736
 
2.109998, 0.1691918, 0.03778197, 151.2846, 15.20101, -0.0183859936648895232156, 63350.45, -1333.487, -3.194287, 0.02042972, 0.1612821, 362.8775, 2.806754, 1.940033, 88.11567
 
2.119998, 0.0992314, 0.03947389, 156.0974, 15.20006, -0.0130892813152446361016, 63962.02, -1374.298, -3.194287, 0.02042972, 0.1612821, 364.6934, 2.811283, 1.939597, 88.15397
 
2.129998, 0.02523443, 0.0404662, 161.8326, 15.19911, -0.00758606462291530416096, 64575.87, -1423.703, -3.194287, 0.02042972, 0.1612821, 366.5084, 2.81588, 1.939162, 88.19228
 
2.139998, -0.05162587, 0.04071855, 168.5651, 15.19905, -0.00196583028037131225798, 65191.98, -1482.299, -3.194287, 0.02042972, 0.1612821, 368.3226, 2.820534, 1.938727, 88.23058
 
2.149998, -0.1299337, 0.04020229, 176.3695, 15.19717, 0.0036760493952286897418900508, 65810.32, -1550.709, -3.194287, 0.02042972, 0.1612821, 370.1359, 2.824227, 1.938291, 88.26888
 
2.159998, -0.2067618, 0.03890295, 183.2437, 15.1971, 0.0092254045809963883148312979, 66430.91, -1609.588, -3.194287, 0.02042972, 0.1612821, 371.9483, 2.826792, 1.937856, 88.30719
 
2.169998, -0.2776186, 0.03683534, 184.9409, 15.19521, 0.0145234440922178692720515881, 67053.94, -1618.604, -3.194287, 0.02042972, 0.1612821, 373.7605, 2.827769, 1.93742, 88.34549
 
2.179998, -0.3437085, 0.03405915, 186.605, 15.19512, 0.0194838976135020296314274835, 67679.41, -1627.217, -3.194287, 0.02042972, 0.1612821, 375.5725, 2.8287, 1.936985, 88.3838
 
2.189998, -0.4036633, 0.03062206, 188.238, 15.19321, 0.0240144363092908930998306150, 68307.33, -1635.488, -3.194287, 0.02042972, 0.1612821, 377.3842, 2.829615, 1.93655, 88.4221
 
2.199998, -0.4562232, 0.02658543, 189.8454, 15.1922, 0.0280315644886014428915031056, 68937.68, -1643.448, -3.194287, 0.02042972, 0.1612821, 379.1958, 2.830528, 1.936114, 88.4604
 
2.209998, -0.5002723, 0.0220232, 191.4297, 15.19118, 0.0314627919328842564192180497, 69570.47, -1651.131, -3.194287, 0.02042972, 0.1612821, 381.0072, 2.831456, 1.935679, 88.49871
 
2.219998, -0.5347924, 0.01702048, 192.9941, 15.19016, 0.0342432193262755277148135691, 70205.59, -1658.574, -3.194287, 0.02042972, 0.1612821, 382.8182, 2.832416, 1.935243, 88.53701
 
2.229998, -0.558956, 0.01167255, 194.5398, 15.18913, 0.0363220414016215647575727033, 70843.16, -1665.788, -3.194287, 0.02042972, 0.1612821, 384.6291, 2.833415, 1.934808, 88.57532
 
2.239998, -0.5723475, 0.006082991, 196.1071, 15.18809, 0.0376735934125032710530777029, 71483.07, -1673.151, -3.194287, 0.02042972, 0.1612821, 386.4396, 2.834535, 1.934373, 88.61362
 
2.249998, -0.5743259, 0.0003595156, 197.6598, 15.18612, 0.0382642379435612887623969748, 72125.3, -1680.336, -3.194287, 0.02042972, 0.1612821, 388.2497, 2.83571, 1.933937, 88.65192
 
2.259998, -0.5646817, -0.005383743, 199.2009, 15.18599, 0.0380861896048546159782930492, 72770.01, -1687.347, -3.194287, 0.02042972, 0.1612821, 390.0599, 2.836941, 1.933502, 88.69023
 
2.269998, -0.5434271, -0.01103056, 200.7279, 15.18401, 0.0371464040253571433501674747, 73417.05, -1694.197, -3.194287, 0.02042972, 0.1612821, 391.8698, 2.83823, 1.933066, 88.72853
 
2.279998, -0.5108337, -0.01646483, 202.2448, 15.18293, 0.0354684214533566475097639970, 74066.45, -1700.901, -3.194287, 0.02042972, 0.1612821, 393.6794, 2.839575, 1.932631, 88.76684
 
2.289998, -0.4674202, -0.02157317, 203.7522, 15.18186, 0.0330911313036177044280992165, 74718.22, -1707.472, -3.194287, 0.02042972, 0.1612821, 395.4889, 2.840975, 1.932196, 88.80514
 
2.299998, -0.4139402, -0.02624737, 205.2501, 15.18077, 0.0300678419452010635456948452, 75372.22, -1713.915, -3.194287, 0.02042972, 0.1612821, 397.2978, 2.842422, 1.93176, 88.84344
 
2.309998, -0.3514548, -0.03038677, 206.7385, 15.17876, 0.0264698137588356760678133426, 76028.59, -1720.239, -3.194287, 0.02042972, 0.1612821, 399.1067, 2.843909, 1.931325, 88.88175
 
2.319998, -0.2811781, -0.03390132, 208.2219, 15.17857, 0.0223765740376401016116673845, 76687.21, -1726.461, -3.194287, 0.02042972, 0.1612821, 400.9151, 2.845431, 1.93089, 88.92005
 
2.329998, -0.2045643, -0.0367131, 209.6961, 15.17654, 0.0178806778282894771390088394, 77348.2, -1732.577, -3.194287, 0.02042972, 0.1612821, 402.7234, 2.846972, 1.930454, 88.95836
 
2.339998, -0.1232334, -0.03875875, 211.1652, 15.17543, 0.0130830192516809171938921225, 78011.42, -1738.601, -3.194287, 0.02042972, 0.1612821, 404.5314, 2.848526, 1.930019, 88.99666
 
2.349998, -0.03904328, -0.03999108, 212.6277, 15.1743, 0.0080966862876649649970522491, 78676.9, -1744.53, -3.194287, 0.02042972, 0.1612821, 406.339, 2.850074, 1.929583, 89.03497
 
2.359998, 0.04609258, -0.04038151, 214.0004, 15.09751, 0.0030338293111233176652962704, 79336.95, -1750.382, -3.194287, 0.02042972, 0.1612821, 408.1266, 2.851609, 1.929148, 89.07327
 
2.369998, 0.1301246, -0.03992059, 215.2755, 14.944, -0.0019880891624387747688626125, 79991.48, -1756.102, -3.194287, 0.02042972, 0.1612821, 409.8941, 2.852609, 1.928713, 89.11157
 
2.379998, 0.2108987, -0.03861934, 216.53, 14.79032, -0.0068536170944899265656523706, 80640.39, -1761.694, -3.194287, 0.02042972, 0.1612821, 411.6415, 2.852845, 1.928277, 89.14988
 
2.389998, 0.2864105, -0.03651035, 217.7647, 14.63647, -0.0114507395529543713391018935, 81283.46, -1767.169, -3.194287, 0.02042972, 0.1612821, 413.3687, 2.853095, 1.927842, 89.18818
 
2.399998, 0.3547834, -0.03364625, 218.9803, 14.48337, -0.0156727637908040389516568406, 81920.59, -1772.528, -3.194287, 0.02042972, 0.1612821, 415.0753, 2.853371, 1.927407, 89.22649
 
2.409998, 0.4142803, -0.03009841, 220.1754, 14.32918, -0.0194212380853141251374925044, 82551.79, -1777.776, -3.194287, 0.02042972, 0.1612821, 416.762, 2.853686, 1.926971, 89.26479
 
2.419998, 0.4633855, -0.02595561, 221.3519, 14.17482, -0.0226103963738500249618093117, 83176.84, -1782.923, -3.194287, 0.02042972, 0.1612821, 418.4281, 2.854051, 1.926536, 89.30309
 
2.429998, 0.5005271, -0.02132176, 222.4092, 14.02121, -0.0251587505360754459567249792, 83795.64, -1787.102, -3.194287, 0.02042972, 0.1612821, 420.0738, 2.85426, 1.9261, 89.3414
 
2.439998, 0.5232909, -0.01631649, 222.938, 13.86651, -0.0269603002603346947607232076, 84408.08, -1786.841, -3.194287, 0.02042972, 0.1612821, 421.699, 2.853453, 1.925665, 89.3797
 
2.449998, 0.5327269, -0.01108358, 223.4567, 13.71164, -0.0280327840460175179619205034, 85014.18, -1786.591, -3.194287, 0.02042972, 0.1612821, 423.304, 2.852745, 1.925229, 89.41801
 
2.459998, 0.5287432, -0.005756309, 223.9658, 13.55753, -0.0283666548610768992264144524, 85613.71, -1786.351, -3.194287, 0.02042972, 0.1612821, 424.8883, 2.852137, 1.924794, 89.45631
 
2.469998, 0.5115411, -0.0004688773, 224.4633, 13.40231, -0.0279685309916646557423653891, 86206.7, -1786.117, -3.194287, 0.02042972, 0.1612821, 426.4524, 2.851626, 1.924359, 89.49461
 
2.479998, 0.4816627, 0.004646533, 224.9506, 13.24693, -0.0268636708179311313813647375, 86792.94, -1785.895, -3.194287, 0.02042972, 0.1612821, 427.9958, 2.851211, 1.923923, 89.53292
 
2.489998, 0.4399144, 0.009463159, 225.4275, 13.09137, -0.0250918055351213423072690753, 87372.3, -1785.683, -3.194287, 0.02042972, 0.1612821, 429.5185, 2.850886, 1.923488, 89.57122
 
2.499998, 0.3874842, 0.0138623, 225.8951, 12.93658, -0.0227132029058637660313781923, 87944.71, -1785.483, -3.194287, 0.02042972, 0.1612821, 431.0205, 2.850646, 1.923053, 89.60953
 
2.509998, 0.3257659, 0.01773714, 226.3516, 12.78068, -0.0197991891486302500344672663, 88510.07, -1785.294, -3.194287, 0.02042972, 0.1612821, 432.5017, 2.850482, 1.922617, 89.64783
 
2.519998, 0.2564144, 0.0209948, 226.7979, 12.62461, -0.0164349099538686995320762001, 89068.29, -1785.117, -3.194287, 0.02042972, 0.1612821, 433.9622, 2.850382, 1.922182, 89.68613
 
2.529998, 0.1813036, 0.02355895, 227.2335, 12.46838, -0.0127169684222773456592772680, 89619.41, -1784.945, -3.194287, 0.02042972, 0.1612821, 435.4022, 2.850333, 1.921746, 89.72444
 
2.539998, 0.102477, 0.02537199, 227.7268, 12.37159, -0.0087511405846184065543165990, 90169.56, -1784.789, -3.194287, 0.02042972, 0.1612821, 436.8367, 2.850327, 1.921311, 89.76274
 
2.549998, 0.02195543, 0.02639676, 228.2748, 12.33342, -0.0046425029787733772444776288, 90718.74, -1784.634, -3.194287, 0.02042972, 0.1612821, 438.2658, 2.850342, 1.920875, 89.80105
 
2.559998, -0.05812757, 0.02661631, 228.8179, 12.29426, -0.0005006905027583318750633716, 91266.91, -1784.476, -3.194287, 0.02042972, 0.1612821, 439.6895, 2.850364, 1.92044, 89.83935
 
2.569998, -0.1355073, 0.02603503, 229.3577, 12.25506, 0.0035605286947572382412169043, 91814.04, -1784.322, -3.194287, 0.02042972, 0.1612821, 441.1078, 2.849501, 1.920005, 89.87766
 
2.579998, -0.2080793, 0.02467996, 229.8952, 12.21675, 0.0074368695132314199171877683, 92360.12, -1784.173, -3.194287, 0.02042972, 0.1612821, 442.5206, 2.848541, 1.919569, 89.91596
 
2.589998, -0.2739231, 0.02259917, 230.4279, 12.17746, 0.0110272024945433396591273102, 92905.13, -1784.023, -3.194287, 0.02042972, 0.1612821, 443.928, 2.847617, 1.919134, 89.95426
 
2.599998, -0.3313656, 0.01985994, 230.9581, 12.13905, 0.0142420718664215161276685690, 93449.04, -1783.877, -3.194287, 0.02042972, 0.1612821, 445.33, 2.846744, 1.918699, 89.99257
 
2.609998, -0.3789129, 0.01654628, 231.4836, 12.09967, 0.0170006088459908641119613329, 93991.86, -1783.729, -3.194287, 0.02042972, 0.1612821, 446.7267, 2.845929, 1.918263, 90.03087
 
2.619998, -0.4153969, 0.01275715, 232.0069, 12.06117, 0.0192377700376523754347282102, 94533.57, -1783.587, -3.194287, 0.02042972, 0.1612821, 448.1179, 2.845182, 1.917828, 90.06918
 
2.629998, -0.4399401, 0.008603182, 232.5267, 12.02263, 0.0209029478938049259185268591, 95074.02, -1783.448, -3.194287, 0.02042972, 0.1612821, 449.5036, 2.844509, 1.917392, 90.10748
 
2.639998, -0.4520209, 0.004203781, 233.0417, 11.98311, 0.0219632366854346396498560814, 95613.22, -1783.309, -3.194287, 0.02042972, 0.1612821, 450.8836, 2.843912, 1.916957, 90.14578
 
2.649998, -0.4514281, -0.0003164277, 233.5535, 11.94353, 0.0224010350420354521387107884, 96151.27, -1783.172, -3.194287, 0.02042972, 0.1612821, 452.2584, 2.843395, 1.916522, 90.18409
 
2.659998, -0.4383043, -0.004830709, 234.0622, 11.90485, 0.0222166678409142108019805106, 96688.03, -1783.035, -3.194287, 0.02042972, 0.1612821, 453.6277, 2.842957, 1.916086, 90.22239
 
2.669998, -0.4131541, -0.009213752, 234.5667, 11.86519, 0.0214283851974622384309779163, 97223.52, -1782.903, -3.194287, 0.02042972, 0.1612821, 454.9915, 2.842598, 1.915651, 90.2607
 
2.679998, -0.3767951, -0.01334529, 235.0681, 11.82641, 0.0200702757567439503846014751, 97757.57, -1782.769, -3.194287, 0.02042972, 0.1612821, 456.3495, 2.842311, 1.915215, 90.299
 
2.689998, -0.3303403, -0.01711324, 235.5655, 11.78665, 0.0181910987543832090426899592, 98290.33, -1782.64, -3.194287, 0.02042972, 0.1612821, 457.7021, 2.842092, 1.91478, 90.3373
 
2.699998, -0.2752144, -0.02041665, 236.0605, 11.74779, 0.0158552185369243172732418340, 98821.76, -1782.515, -3.194287, 0.02042972, 0.1612821, 459.0492, 2.841934, 1.914345, 90.37561
 
2.709998, -0.2130065, -0.02316879, 236.5522, 11.70888, 0.0131353360205886542609731305, 99351.73, -1782.393, -3.194287, 0.02042972, 0.1612821, 460.3907, 2.841828, 1.913909, 90.41391
 
2.719998, -0.1455847, -0.02529885, 237.0433, 11.67274, 0.0101179196577411878249095754, 99880.75, -1782.271, -3.194287, 0.02042972, 0.1612821, 461.7277, 2.84176, 1.913474, 90.45222
 
2.729998, -0.0749402, -0.0267547, 237.5363, 11.64126, 0.0068957370408862506164244133, 100408.8, -1782.152, -3.194287, 0.02042972, 0.1612821, 463.0602, 2.841722, 1.913038, 90.49052
 
2.739998, -0.003087377, -0.0275041, 238.0266, 11.61069, 0.0035629594956402181970990446, 100935.8, -1782.031, -3.194287, 0.02042972, 0.1612821, 464.3881, 2.8417, 1.912603, 90.52882
 
2.749998, 0.0678697, -0.02753498, 238.5123, 11.5782, 0.0002183322387594491299150408, 101461.8, -1781.915, -3.194287, 0.02042972, 0.1612821, 465.7115, 2.841682, 1.912168, 90.56713
 
2.759998, 0.1357913, -0.02685628, 238.998, 11.5485, -0.0030397373730471261812602830, 101986.7, -1781.8, -3.194287, 0.02042972, 0.1612821, 467.0305, 2.840896, 1.911732, 90.60543
 
2.769998, 0.1987142, -0.02549837, 239.4778, 11.51593, -0.0061209264436888597264728713, 102510.5, -1781.689, -3.194287, 0.02042972, 0.1612821, 468.3448, 2.84008, 1.911297, 90.64374
 
2.779998, 0.2548258, -0.02351122, 239.9553, 11.48427, -0.0089374507766038255694224985, 103033.3, -1781.577, -3.194287, 0.02042972, 0.1612821, 469.6546, 2.839297, 1.910861, 90.68204
 
2.789998, 0.3025567, -0.02096296, 240.4297, 11.45256, -0.0114118977320302636179734028, 103554.9, -1781.467, -3.194287, 0.02042972, 0.1612821, 470.9599, 2.83856, 1.910426, 90.72034
 
2.799998, 0.3406512, -0.0179374, 240.9023, 11.42177, -0.0134806125338846001511516953, 104075.4, -1781.361, -3.194287, 0.02042972, 0.1612821, 472.2604, 2.837876, 1.909991, 90.75865
 
2.809998, 0.3680481, -0.01453089, 241.3703, 11.38999, -0.0150884310931076514837431576, 104594.7, -1781.252, -3.194287, 0.02042972, 0.1612821, 473.5565, 2.83725, 1.909555, 90.79695
 
2.819998, 0.3841159, -0.01085041, 241.8356, 11.35817, -0.0161993499861565037898666573, 105112.8, -1781.147, -3.194287, 0.02042972, 0.1612821, 474.848, 2.836689, 1.90912, 90.83526
 
2.829998, 0.3884724, -0.007009247, 242.2981, 11.32631, -0.0167887037506946383510757039, 105629.7, -1781.047, -3.194287, 0.02042972, 0.1612821, 476.1349, 2.836196, 1.908684, 90.87356
 
2.839998, 0.3811496, -0.003124523, 242.7577, 11.29442, -0.0168506253211407573729433386, 106145.4, -1780.948, -3.194287, 0.02042972, 0.1612821, 477.4172, 2.835771, 1.908249, 90.91187
 
2.849998, 0.3625053, 0.0006869723, 243.2146, 11.26343, -0.0163941811193122519965843445, 106659.9, -1780.848, -3.194287, 0.02042972, 0.1612821, 478.6949, 2.835412, 1.907814, 90.95016
 
2.859998, 0.3332168, 0.004312025, 243.6678, 11.23146, -0.0154431181215215813875083611, 107173.1, -1780.751, -3.194287, 0.02042972, 0.1612821, 479.968, 2.835118, 1.907378, 90.98847
 
2.869998, 0.2943219, 0.007644193, 244.1182, 11.19946, -0.0140377461823754840884126664, 107684.9, -1780.658, -3.194287, 0.02042972, 0.1612821, 481.2363, 2.834883, 1.906943, 91.02678
 
2.879998, 0.2470563, 0.01058741, 244.5655, 11.16741, -0.0122277743206470625035736742, 108195.4, -1780.567, -3.194287, 0.02042972, 0.1612821, 482.4999, 2.834702, 1.906507, 91.06508
 
2.889998, 0.1929654, 0.01305797, 245.0093, 11.13532, -0.0100771758439521664595641144, 108704.5, -1780.474, -3.194287, 0.02042972, 0.1612821, 483.7589, 2.834565, 1.906072, 91.10339
 
2.899998, 0.1337905, 0.01498763, 245.4556, 11.10795, -0.0076591324350621489400472674, 109212.8, -1780.386, -3.194287, 0.02042972, 0.1612821, 485.0143, 2.834465, 1.905637, 91.14169
 
2.909998, 0.07142833, 0.01632553, 245.9031, 11.08434, -0.0050543577545504252651539633, 109720.1, -1780.299, -3.194287, 0.02042972, 0.1612821, 486.2658, 2.83439, 1.905201, 91.17999
 
2.919998, 0.00778349, 0.01703982, 246.3473, 11.05975, -0.0023444998455226880707896229, 110226.5, -1780.215, -3.194287, 0.02042972, 0.1612821, 487.5138, 2.834332, 1.904766, 91.2183
 
2.929998, -0.05515257, 0.01711765, 246.7894, 11.03608, 0.0003843928430176390451785084, 110732, -1780.129, -3.194287, 0.02042972, 0.1612821, 488.7583, 2.83418, 1.904331, 91.2566
 
2.939998, -0.1153191, 0.01656613, 247.2286, 11.01143, 0.0030450351860347807190408112, 111236.4, -1780.05, -3.194287, 0.02042972, 0.1612821, 489.9989, 2.833446, 1.903895, 91.29491
 
2.949998, -0.1708673, 0.01541294, 247.6666, 10.98866, 0.0055571015164936318593086466, 111739.9, -1779.968, -3.194287, 0.02042972, 0.1612821, 491.236, 2.832731, 1.90346, 91.33321
 
2.959998, -0.2200862, 0.01370426, 248.1003, 10.96395, 0.0078436841599544019034976750, 112242.4, -1779.889, -3.194287, 0.02042972, 0.1612821, 492.4693, 2.832047, 1.903024, 91.37151
 
2.969998, -0.2615448, 0.0115034, 248.5318, 10.94016, 0.0098388708736520972455524066, 112743.9, -1779.807, -3.194287, 0.02042972, 0.1612821, 493.699, 2.831399, 1.902589, 91.40982
 
2.979998, -0.2940141, 0.008887952, 248.9605, 10.91539, 0.0114846005452741637276733944, 113244.3, -1779.732, -3.194287, 0.02042972, 0.1612821, 494.925, 2.830799, 1.902154, 91.44812
 
2.989998, -0.3166254, 0.005947812, 249.387, 10.89154, 0.0127376151536113360124197058, 113743.7, -1779.655, -3.194287, 0.02042972, 0.1612821, 496.1472, 2.830249, 1.901718, 91.48643
 
2.999998, -0.3287658, 0.002781557, 249.8112, 10.86766, 0.0135650586855664885250111033, 114242.1, -1779.58, -3.194287, 0.02042972, 0.1612821, 497.366, 2.829754, 1.901283, 91.52473
 
3.009998, -0.3301597, -0.0005061007, 250.2328, 10.84376, 0.0139481611531216082612174998, 114739.4, -1779.508, -3.194287, 0.02042972, 0.1612821, 498.5811, 2.829317, 1.900847, 91.56303
 
3.019998, -0.32095, -0.003807697, 250.6511, 10.81887, 0.0138857692186956519528838065, 115235.7, -1779.438, -3.194287, 0.02042972, 0.1612821, 499.7924, 2.828939, 1.900412, 91.60133
 
3.029998, -0.3015451, -0.007017198, 251.0679, 10.79586, 0.0133881277129793612998725221, 115730.7, -1779.365, -3.194287, 0.02042972, 0.1612821, 500.9998, 2.828616, 1.899977, 91.63964
 
3.039998, -0.2727198, -0.01003265, 251.4813, 10.77091, 0.0124809541016810005600021642, 116224.6, -1779.3, -3.194287, 0.02042972, 0.1612821, 502.2036, 2.828349, 1.899541, 91.67795
 
3.049998, -0.2355052, -0.01275985, 251.8914, 10.74592, 0.0112012929789868368131137475, 116717.4, -1779.232, -3.194287, 0.02042972, 0.1612821, 503.4037, 2.828129, 1.899106, 91.71625
 
3.059998, -0.1911795, -0.0151149, 252.3, 10.72187, 0.0095968920611146955070456897, 117209, -1779.167, -3.194287, 0.02042972, 0.1612821, 504.6, 2.827952, 1.898671, 91.75455
 
3.069998, -0.1412946, -0.01702669, 252.7056, 10.69779, 0.0077274499137489190546442361, 117699.4, -1779.098, -3.194287, 0.02042972, 0.1612821, 505.7927, 2.82781, 1.898235, 91.79285
 
3.079998, -0.08753527, -0.01843964, 253.1124, 10.67655, 0.0056588333351900588300353601, 118189, -1779.037, -3.194287, 0.02042972, 0.1612821, 506.9821, 2.827697, 1.8978, 91.83116
 
3.089998, -0.03175575, -0.01931499, 253.5181, 10.65624, 0.0034645985313359538169501614, 118677.6, -1778.979, -3.194287, 0.02042972, 0.1612821, 508.1686, 2.827602, 1.897364, 91.86947
 
3.099998, 0.02420769, -0.01963255, 253.9228, 10.63783, 0.0012183845157864836955077488, 119165.3, -1778.917, -3.194287, 0.02042972, 0.1612821, 509.3519, 2.827514, 1.896929, 91.90777
 
3.109998, 0.07846552, -0.01939047, 254.3253, 10.61939, -0.0010035665635869485141629963, 119652.2, -1778.857, -3.194287, 0.02042972, 0.1612821, 510.5322, 2.827168, 1.896493, 91.94608
 
3.119998, 0.1292245, -0.01860582, 254.7236, 10.59901, -0.0031296708126241761108641215, 120138, -1778.799, -3.194287, 0.02042972, 0.1612821, 511.7093, 2.826523, 1.896058, 91.98438
 
3.129997, 0.1748291, -0.01731357, 255.1216, 10.58053, -0.0050910739738352198473787571, 120622.9, -1778.742, -3.194287, 0.02042972, 0.1612821, 512.8834, 2.825901, 1.895623, 92.02268
 
3.139997, 0.2138119, -0.01556528, 255.5158, 10.56106, -0.0068251265165979121511128846, 121106.9, -1778.683, -3.194287, 0.02042972, 0.1612821, 514.0543, 2.825308, 1.895187, 92.06099
 
3.149997, 0.2449826, -0.01342716, 255.9086, 10.54156, -0.0082793174176260646762302513, 121589.9, -1778.63, -3.194287, 0.02042972, 0.1612821, 515.2222, 2.824753, 1.894752, 92.09929
 
3.159997, 0.2674258, -0.01097733, 256.2983, 10.52204, -0.0094115076896991834379200129, 122071.9, -1778.574, -3.194287, 0.02042972, 0.1612821, 516.3871, 2.824239, 1.894317, 92.1376
 
3.169997, 0.280528, -0.008303076, 256.6876, 10.50346, -0.0101910097733855985319179379, 122552.9, -1778.526, -3.194287, 0.02042972, 0.1612821, 517.5486, 2.823774, 1.893881, 92.1759
 
3.179997, 0.2839221, -0.005497796, 257.0739, 10.48486, -0.0105967321347648325929572850, 123032.9, -1778.473, -3.194287, 0.02042972, 0.1612821, 518.7072, 2.823356, 1.893446, 92.2142
 
3.189997, 0.2776615, -0.002658575, 257.4562, 10.4643, -0.0106239935729679790164401058, 123511.8, -1778.424, -3.194287, 0.02042972, 0.1612821, 519.8627, 2.822988, 1.89301, 92.25251
 
3.199997, 0.2621307, 0.0001180399, 257.8363, 10.44469, -0.0102813235498846576157230917, 123989.6, -1778.37, -3.194287, 0.02042972, 0.1612821, 521.0147, 2.822666, 1.892575, 92.29081
 
3.209997, 0.2378971, 0.002739347, 258.2159, 10.42601, -0.0095846609572450214352959855, 124466.4, -1778.323, -3.194287, 0.02042972, 0.1612821, 522.1637, 2.822394, 1.89214, 92.32912
 
3.219997, 0.2059551, 0.005118318, 258.5925, 10.40634, -0.0085670891385192983448943865, 124942.1, -1778.28, -3.194287, 0.02042972, 0.1612821, 523.3095, 2.822165, 1.891704, 92.36742
 
3.229997, 0.167513, 0.007177869, 258.967, 10.38762, -0.0072705965727390355346958684, 125416.7, -1778.231, -3.194287, 0.02042972, 0.1612821, 524.4521, 2.821972, 1.891269, 92.40572
 
3.239997, 0.1240091, 0.008852999, 259.3374, 10.36693, -0.0057467192943563576972710662, 125890.1, -1778.186, -3.194287, 0.02042972, 0.1612821, 525.5917, 2.82181, 1.890833, 92.44402
 
3.249997, 0.0769344, 0.01009309, 259.7076, 10.34816, -0.0040498361221431089084007732, 126362.5, -1778.142, -3.194287, 0.02042972, 0.1612821, 526.728, 2.821671, 1.890398, 92.48233
 
3.259997, 0.02800117, 0.01086243, 260.0768, 10.33033, -0.0022435612718632084366247729, 126834, -1778.101, -3.194287, 0.02042972, 0.1612821, 527.8617, 2.821549, 1.889963, 92.52064
 
3.269997, -0.02105954, 0.01114245, 260.4447, 10.31345, -0.0003930946460287666656187508, 127304.5, -1778.06, -3.194287, 0.02042972, 0.1612821, 528.9926, 2.821434, 1.889527, 92.55894
 
3.279997, -0.06856035, 0.01093185, 260.8107, 10.29654, 0.0014377636229098357539871657, 127774, -1778.021, -3.194287, 0.02042972, 0.1612821, 530.1205, 2.820945, 1.889092, 92.59724
 
3.289997, -0.1128128, 0.01024625, 261.1746, 10.28058, 0.0031848832891399406832965351, 128242.4, -1777.978, -3.194287, 0.02042972, 0.1612821, 531.2456, 2.820365, 1.888656, 92.63554
 
3.299997, -0.1523323, 0.009118119, 261.5364, 10.26363, 0.0047895382857718788605860851, 128709.9, -1777.943, -3.194287, 0.02042972, 0.1612821, 532.3678, 2.819806, 1.888221, 92.67385
 
3.309997, -0.1858, 0.007594796, 261.8964, 10.24763, 0.0061983129795811399307537569, 129176.4, -1777.904, -3.194287, 0.02042972, 0.1612821, 533.4874, 2.819272, 1.887786, 92.71216
 
3.319997, -0.2121055, 0.005736797, 262.2534, 10.23064, 0.0073648343650236421967916255, 129641.9, -1777.866, -3.194287, 0.02042972, 0.1612821, 534.6042, 2.81877, 1.88735, 92.75046
 
3.329997, -0.2304529, 0.003615742, 262.6082, 10.21362, 0.0082538919705138606990717661, 130106.4, -1777.83, -3.194287, 0.02042972, 0.1612821, 535.7182, 2.818305, 1.886915, 92.78876
 
3.339997, -0.2403613, 0.001311213, 262.962, 10.19756, 0.0088416573013405608589665030, 130569.7, -1777.796, -3.194287, 0.02042972, 0.1612821, 536.829, 2.817881, 1.886479, 92.82706
 
3.349997, -0.241564, -0.0010924, 263.3127, 10.1805, 0.0091120871575100933496502581, 131032, -1777.764, -3.194287, 0.02042972, 0.1612821, 537.9371, 2.817499, 1.886044, 92.86537
 
3.359997, -0.2341532, -0.00350804, 263.6622, 10.16439, 0.0090624308427500042755157043, 131493.2, -1777.732, -3.194287, 0.02042972, 0.1612821, 539.0424, 2.817159, 1.885609, 92.90368
 
3.369997, -0.218533, -0.005849571, 264.0081, 10.14729, 0.0087016713453195210790339424, 131953.4, -1777.698, -3.194287, 0.02042972, 0.1612821, 540.145, 2.816859, 1.885173, 92.94198
 
3.379997, -0.1953408, -0.008034901, 264.3525, 10.13017, 0.0080477123828691135326568148, 132412.4, -1777.67, -3.194287, 0.02042972, 0.1612821, 541.2445, 2.816601, 1.884738, 92.98029
 
3.389997, -0.1655419, -0.009988309, 264.6942, 10.11302, 0.0071310168658890447912884303, 132870.4, -1777.638, -3.194287, 0.02042972, 0.1612821, 542.3413, 2.816376, 1.884302, 93.01859
 
3.399997, -0.1302909, -0.01164373, 265.0359, 10.09781, 0.0059896148125482378307643144, 133327.2, -1777.609, -3.194287, 0.02042972, 0.1612821, 543.4351, 2.816182, 1.883867, 93.05689
 
3.409997, -0.09095016, -0.01294664, 265.373, 10.07965, 0.0046697731406334506986698197, 133782.8, -1777.586, -3.194287, 0.02042972, 0.1612821, 544.526, 2.816015, 1.883432, 93.0952
 
3.419997, -0.04898033, -0.01385614, 265.7095, 10.06341, 0.0032221962731433987017998424, 134237.2, -1777.56, -3.194287, 0.02042972, 0.1612821, 545.6139, 2.815864, 1.882996, 93.1335
 
3.429997, -0.005924755, -0.01434594, 266.0422, 10.04618, 0.0017013389435496148162040795, 134690.5, -1777.53, -3.194287, 0.02042972, 0.1612821, 546.6991, 2.815722, 1.882561, 93.17181
 
3.439997, 0.03665962, -0.01440519, 266.3756, 10.03088, 0.0001630219823484996855752179, 135142.9, -1777.506, -3.194287, 0.02042972, 0.1612821, 547.7816, 2.815586, 1.882125, 93.21011
 
3.449997, 0.07718974, -0.01403859, 266.707, 10.01556, -0.0013356788213581526858307596, 135594.1, -1777.485, -3.194287, 0.02042972, 0.1612821, 548.8616, 2.815096, 1.88169, 93.24841
 
3.459997, 0.1141766, -0.01326669, 267.0357, 10.00022, -0.0027403361596815764215187846, 136044.2, -1777.459, -3.194287, 0.02042972, 0.1612821, 549.9388, 2.814574, 1.881255, 93.28671
 
3.469997, 0.1463587, -0.01212493, 267.3641, 9.985838, -0.0040029046681755246042354382, 136493.3, -1777.441, -3.194287, 0.02042972, 0.1612821, 551.0134, 2.814075, 1.880819, 93.32502
 
3.479997, 0.1726361, -0.01066134, 267.6888, 9.970458, -0.0050803687979202001092661561, 136941.3, -1777.418, -3.194287, 0.02042972, 0.1612821, 552.0852, 2.813598, 1.880384, 93.36333
 
3.489997, 0.1921102, -0.00893498, 268.0123, 9.95506, -0.0059361667168121023749074687, 137388.1, -1777.402, -3.194287, 0.02042972, 0.1612821, 553.1544, 2.813153, 1.879948, 93.40163
 
3.499997, 0.2041924, -0.007013879, 268.335, 9.9416, -0.0065443105894510993749478463, 137833.9, -1777.382, -3.194287, 0.02042972, 0.1612821, 554.2209, 2.81274, 1.879513, 93.43993
 
3.509997, 0.2085427, -0.004971955, 268.6527, 9.925182, -0.0068872924002055852837953927, 138278.4, -1777.365, -3.194287, 0.02042972, 0.1612821, 555.2846, 2.812363, 1.879078, 93.47823
 
3.519997, 0.2051201, -0.002886527, 268.9695, 9.909724, -0.0069580542067436764948068023, 138721.8, -1777.348, -3.194287, 0.02042972, 0.1612821, 556.3456, 2.812022, 1.878642, 93.51654
 
3.529997, 0.1941585, -0.000835326, 269.2846, 9.895227, -0.0067593167571060887896290185, 139164.1, -1777.328, -3.194287, 0.02042972, 0.1612821, 557.4041, 2.811716, 1.878207, 93.55485
 
3.539997, 0.1762284, 0.001106259, 269.5974, 9.879727, -0.0063058428753325483202570891, 139605.3, -1777.314, -3.194287, 0.02042972, 0.1612821, 558.4598, 2.811446, 1.877772, 93.59315
 
3.549997, 0.1520213, 0.002868543, 269.9092, 9.865191, -0.0056170848391810180358628584, 140045.1, -1777.302, -3.194287, 0.02042972, 0.1612821, 559.5126, 2.811209, 1.877336, 93.63145
 
3.559997, 0.1226022, 0.004388756, 270.2173, 9.849654, -0.0047260398233344967748282103, 140483.8, -1777.286, -3.194287, 0.02042972, 0.1612821, 560.5627, 2.810998, 1.876901, 93.66975
 
3.569997, 0.08907355, 0.005614778, 270.5252, 9.835079, -0.0036676462234270099517774748, 140921.4, -1777.277, -3.194287, 0.02042972, 0.1612821, 561.6102, 2.810812, 1.876465, 93.70806
 
3.579997, 0.05285038, 0.006505514, 270.8292, 9.819503, -0.0024884287109595028719645553, 141357.6, -1777.264, -3.194287, 0.02042972, 0.1612821, 562.6549, 2.810641, 1.87603, 93.74637
 
3.589997, 0.01524305, 0.007034017, 271.1315, 9.803906, -0.0012320908155866446063788574, 141792.8, -1777.253, -3.194287, 0.02042972, 0.1612821, 563.697, 2.810481, 1.875595, 93.78467
 
3.599997, -0.02223131, 0.007186448, 271.4326, 9.789275, 0.0000497459674227996970348670, 142226.6, -1777.243, -3.194287, 0.02042972, 0.1612821, 564.7363, 2.810313, 1.875159, 93.82298
 
3.609997, -0.05824972, 0.006964135, 271.7307, 9.77364, 0.0013117733584720752036678705, 142659.2, -1777.235, -3.194287, 0.02042972, 0.1612821, 565.7727, 2.809824, 1.874724, 93.86127
 
3.619997, -0.09138568, 0.006381637, 272.0278, 9.758965, 0.0025041993559437593334471468, 143090.5, -1777.228, -3.194287, 0.02042972, 0.1612821, 566.8066, 2.809344, 1.874289, 93.89958
 
3.629997, -0.1204454, 0.005467781, 272.3242, 9.745262, 0.0035838366877839632277897909, 143520.8, -1777.223, -3.194287, 0.02042972, 0.1612821, 567.8379, 2.808879, 1.873853, 93.93788
 
3.639997, -0.1443637, 0.004263327, 272.6186, 9.731542, 0.0045111278925971214840043003, 143949.8, -1777.219, -3.194287, 0.02042972, 0.1612821, 568.8666, 2.808436, 1.873418, 93.97619
 
3.649997, -0.1623503, 0.00281969, 272.9102, 9.717802, 0.0052552243930524219315768571, 144377.6, -1777.211, -3.194287, 0.02042972, 0.1612821, 569.8926, 2.808016, 1.872982, 94.0145
 
3.659997, -0.1737916, 0.001196187, 273.1989, 9.702069, 0.0057907815677262000759159745, 144804.2, -1777.21, -3.194287, 0.02042972, 0.1612821, 570.9161, 2.807627, 1.872547, 94.0528
 
3.669997, -0.1783746, -0.0005417285, 273.4876, 9.68928, 0.0061023537591084573466648716, 145229.7, -1777.205, -3.194287, 0.02042972, 0.1612821, 571.9371, 2.807266, 1.872111, 94.0911
 
3.679997, -0.1760424, -0.002325474, 273.7744, 9.675486, 0.0061829793919548591027953749, 145653.8, -1777.207, -3.194287, 0.02042972, 0.1612821, 572.9553, 2.806939, 1.871676, 94.1294
 
3.689997, -0.1669768, -0.004085898, 274.0585, 9.661674, 0.0060338392597085566069223917, 146076.8, -1777.205, -3.194287, 0.02042972, 0.1612821, 573.971, 2.806641, 1.871241, 94.16771
 
3.699997, -0.1516109, -0.005755666, 274.3394, 9.646851, 0.0056647152510586831617895861, 146498.4, -1777.204, -3.194287, 0.02042972, 0.1612821, 574.984, 2.806374, 1.870805, 94.20602
 
3.709997, -0.130696, -0.007271775, 274.6197, 9.633003, 0.0050964184303603779499733322, 146918.8, -1777.205, -3.194287, 0.02042972, 0.1612821, 575.9943, 2.806134, 1.87037, 94.24432
 
3.719997, -0.1050544, -0.008578734, 274.898, 9.619135, 0.0043526568932026755647944775, 147338, -1777.207, -3.194287, 0.02042972, 0.1612821, 577.0022, 2.805918, 1.869935, 94.28262
 
3.729997, -0.07576156, -0.009629278, 275.1733, 9.604259, 0.0034661356866375013872297690, 147755.8, -1777.211, -3.194287, 0.02042972, 0.1612821, 578.0074, 2.805723, 1.869499, 94.32092
 
3.739997, -0.04402006, -0.01038689, 275.4489, 9.591346, 0.0024744861555461492183129477, 148172.4, -1777.216, -3.194287, 0.02042972, 0.1612821, 579.0099, 2.805543, 1.869064, 94.35923
 
3.749997, -0.01114052, -0.0108271, 275.7203, 9.576433, 0.0014196489090455314049993541, 148587.6, -1777.222, -3.194287, 0.02042972, 0.1612821, 580.0097, 2.805372, 1.868628, 94.39754
 
3.759997, 0.02160981, -0.0109385, 275.9901, 9.562492, 0.0003429414445325973173708370, 149001.5, -1777.225, -3.194287, 0.02042972, 0.1612821, 581.0068, 2.805203, 1.868193, 94.43584
 
3.769997, 0.05297271, -0.0107224, 276.2588, 9.548535, -0.0007140117629593116082331279, 149414.1, -1777.234, -3.194287, 0.02042972, 0.1612821, 582.0013, 2.804845, 1.867757, 94.47414
 
3.779997, 0.08166019, -0.01019267, 276.5236, 9.533563, -0.0017081187259997187820262554, 149825.3, -1777.239, -3.194287, 0.02042972, 0.1612821, 582.993, 2.804402, 1.867322, 94.51244
 
3.789997, 0.1066753, -0.009376072, 276.7884, 9.519567, -0.0026045222766897663847900914, 150235.1, -1777.252, -3.194287, 0.02042972, 0.1612821, 583.9821, 2.803974, 1.866887, 94.55075
 
3.799997, 0.1270586, -0.00830932, 277.0518, 9.506551, -0.0033689395691497409447409902, 150643.8, -1777.261, -3.194287, 0.02042972, 0.1612821, 584.9688, 2.803564, 1.866451, 94.58906
 
3.809997, 0.1421022, -0.007038733, 277.3121, 9.49252, -0.0039746893663481309923089574, 151051.1, -1777.27, -3.194287, 0.02042972, 0.1612821, 585.9528, 2.803175, 1.866016, 94.62736
 
3.819997, 0.1512551, -0.005617711, 277.5714, 9.479466, -0.0043997693908562998053293007, 151457.1, -1777.281, -3.194287, 0.02042972, 0.1612821, 586.9343, 2.802811, 1.865581, 94.66566
 
3.829997, 0.1543045, -0.00410516, 277.8291, 9.466397, -0.0046328927332592330638505714, 151861.7, -1777.295, -3.194287, 0.02042972, 0.1612821, 587.9131, 2.802474, 1.865145, 94.70396
 
3.839997, 0.1511898, -0.002562116, 278.0848, 9.453309, -0.0046676185560105414861809669, 152265.1, -1777.309, -3.194287, 0.02042972, 0.1612821, 588.8894, 2.802165, 1.86471, 94.74227
 
3.849997, 0.1421767, -0.001050218, 278.3377, 9.439208, -0.0045081070443112163183482123, 152667.1, -1777.324, -3.194287, 0.02042972, 0.1612821, 589.8633, 2.801882, 1.864274, 94.78057
 
3.859997, 0.1276409, 0.0003715493, 278.5895, 9.426084, -0.0041622972907380039087522885, 153067.7, -1777.341, -3.194287, 0.02042972, 0.1612821, 590.8344, 2.801626, 1.863839, 94.81888
 
3.869997, 0.1082812, 0.001647958, 278.8389, 9.412943, -0.0036488552692437740679170625, 153467.1, -1777.354, -3.194287, 0.02042972, 0.1612821, 591.803, 2.80139, 1.863404, 94.85719
 
3.879997, 0.08497267, 0.002730771, 279.0872, 9.399788, -0.0029925705757406824417381100, 153865, -1777.373, -3.194287, 0.02042972, 0.1612821, 592.769, 2.801178, 1.862968, 94.89548
 
3.889997, 0.05870235, 0.003580497, 279.3328, 9.386614, -0.0022224558310239726324425960, 154261.5, -1777.39, -3.194287, 0.02042972, 0.1612821, 593.7322, 2.800979, 1.862533, 94.93379
 
3.899997, 0.03055562, 0.00416752, 279.5763, 9.372424, -0.0013712779182947522056732990, 154656.7, -1777.413, -3.194287, 0.02042972, 0.1612821, 594.693, 2.800795, 1.862097, 94.97209
 
3.909997, 0.001727139, 0.004473077, 279.8182, 9.359214, -0.0004759984141704801292146221, 155050.5, -1777.431, -3.194287, 0.02042972, 0.1612821, 595.6512, 2.800615, 1.861662, 95.0104
 
3.919997, -0.02667246, 0.004490348, 280.0582, 9.345989, 0.0004284104314686338361704550, 155442.9, -1777.451, -3.194287, 0.02042972, 0.1612821, 596.6068, 2.800322, 1.861227, 95.04871
 
3.929997, -0.05342061, 0.004223623, 280.2962, 9.332745, 0.0013030084975091852621992318, 155833.8, -1777.473, -3.194287, 0.02042972, 0.1612821, 597.5596, 2.799906, 1.860791, 95.08701
 
3.939997, -0.07757255, 0.003689417, 280.5315, 9.31848, 0.0021165624324716238308688188, 156223.3, -1777.496, -3.194287, 0.02042972, 0.1612821, 598.5099, 2.799499, 1.860356, 95.12531
 
3.949997, -0.09813537, 0.002913692, 280.7677, 9.306207, 0.0028355983562904644920635962, 156611.4, -1777.525, -3.194287, 0.02042972, 0.1612821, 599.4577, 2.799108, 1.859921, 95.16361
 
3.959997, -0.1143, 0.001932338, 280.9985, 9.291908, 0.0034318348357523340827461802, 156998.1, -1777.546, -3.194287, 0.02042972, 0.1612821, 600.4026, 2.798729, 1.859485, 95.20192
 
3.969997, -0.12556, 0.0007893383, 281.228, 9.277592, 0.0038859582025993177711842017, 157383.3, -1777.573, -3.194287, 0.02042972, 0.1612821, 601.3451, 2.798373, 1.85905, 95.24023
 
3.979997, -0.1315332, -0.0004662618, 281.4692, 9.275308, 0.0041822515239334871603510156, 157768.5, -1777.602, -3.194287, 0.02042972, 0.1612821, 602.2875, 2.798039, 1.858614, 95.27853
 
3.989997, -0.1320325, -0.001781594, 281.7173, 9.281054, 0.0043109561268748240828825905, 158153.5, -1777.63, -3.194287, 0.02042972, 0.1612821, 603.23, 2.797728, 1.858179, 95.31683
 
3.999997, -0.1271079, -0.003101919, 281.9636, 9.286803, 0.0042696623371950178278247737, 158538.5, -1777.652, -3.194287, 0.02042972, 0.1612821, 604.1724, 2.797437, 1.857743, 95.35513
 
4.009997, -0.1170551, -0.004372998, 282.2108, 9.293559, 0.0040636901710847401291010079, 158923.4, -1777.679, -3.194287, 0.02042972, 0.1612821, 605.1148, 2.797172, 1.857308, 95.39344
 
4.019997, -0.1024163, -0.00554355, 282.4571, 9.300321, 0.0037063259315862036011749041, 159308.3, -1777.705, -3.194287, 0.02042972, 0.1612821, 606.0573, 2.796926, 1.856873, 95.43175
 
4.029997, -0.08384849, -0.006567712, 282.7011, 9.306075, 0.0032148145190033492953637987, 159692.9, -1777.731, -3.194287, 0.02042972, 0.1612821, 606.9996, 2.796699, 1.856437, 95.47005
 
4.039998, -0.06218256, -0.007406197, 282.9445, 9.31284, 0.0026122535815616695137344789, 160077.5, -1777.75, -3.194287, 0.02042972, 0.1612821, 607.9418, 2.796485, 1.856002, 95.50835
 
4.049998, -0.03834579, -0.008028023, 283.1866, 9.318603, 0.0019252669243002322339920600, 160462, -1777.773, -3.194287, 0.02042972, 0.1612821, 608.8842, 2.796284, 1.855567, 95.54666
 
4.059998, -0.01327882, -0.008411481, 283.428, 9.325374, 0.0011815222200221906989121866, 160846.4, -1777.791, -3.194287, 0.02042972, 0.1612821, 609.8266, 2.796089, 1.855131, 95.58497
 
4.069998, 0.01186617, -0.008544269, 283.6681, 9.331141, 0.0004157937384716353988660107, 161230.6, -1777.813, -3.194287, 0.02042972, 0.1612821, 610.7687, 2.7959, 1.854696, 95.62327
 
4.079998, 0.03609552, -0.008425607, 283.9083, 9.337918, -0.0003413177213433019432024191, 161614.7, -1777.835, -3.194287, 0.02042972, 0.1612821, 611.711, 2.795616, 1.85426, 95.66158
 
4.089999, 0.05841233, -0.008064652, 284.1456, 9.343691, -0.0010586964983027447731559267, 161998.8, -1777.851, -3.194287, 0.02042972, 0.1612821, 612.6533, 2.795223, 1.853825, 95.69988
 
4.099999, 0.0779174, -0.007480529, 284.3838, 9.350474, -0.0017073289176955073662861229, 162382.6, -1777.871, -3.194287, 0.02042972, 0.1612821, 613.5953, 2.794841, 1.85339, 95.73818
 
4.109999, 0.09383395, -0.006701355, 284.6201, 9.357263, -0.0022613263601259358488426503, 162766.3, -1777.885, -3.194287, 0.02042972, 0.1612821, 614.5375, 2.79447, 1.852954, 95.77649
 
4.119999, 0.1055777, -0.005763015, 284.8552, 9.363043, -0.0027001524219019093449681035, 163150, -1777.904, -3.194287, 0.02042972, 0.1612821, 615.4796, 2.794116, 1.852519, 95.8148
 
4.13, 0.1127329, -0.004707239, 285.0884, 9.368823, -0.0030080699130530774819520497, 163533.3, -1777.918, -3.194287, 0.02042972, 0.1612821, 616.4215, 2.793778, 1.852083, 95.8531
 
4.14, 0.1150813, -0.003579909, 285.3224, 9.37562, -0.0031750610721299795492463440, 163916.6, -1777.935, -3.194287, 0.02042972, 0.1612821, 617.3634, 2.793461, 1.851648, 95.8914
 
4.15, 0.1125686, -0.002429096, 285.5537, 9.381406, -0.0031960286711260711840991423, 164299.7, -1777.947, -3.194287, 0.02042972, 0.1612821, 618.3053, 2.793163, 1.851212, 95.92971
 
4.16, 0.1054414, -0.001303411, 285.7867, 9.389222, -0.0030749474213524226244864885, 164682.7, -1777.962, -3.194287, 0.02042972, 0.1612821, 619.2472, 2.792885, 1.850777, 95.96802
 
4.170001, 0.09400851, -0.0002489967, 286.0159, 9.395014, -0.0028179046484983620523010922, 165065.5, -1777.973, -3.194287, 0.02042972, 0.1612821, 620.1891, 2.792624, 1.850342, 96.00632
 
4.180001, 0.07883026, 0.0006910884, 286.2468, 9.402835, -0.0024387814832269630945580136, 165448.2, -1777.987, -3.194287, 0.02042972, 0.1612821, 621.1309, 2.792382, 1.849906, 96.04462
 
4.190001, 0.06064647, 0.001479391, 286.476, 9.410664, -0.0019572667871540648702681162, 165830.9, -1777.995, -3.194287, 0.02042972, 0.1612821, 622.0731, 2.792152, 1.849471, 96.08293
 
4.200001, 0.04023021, 0.002085856, 286.7031, 9.416464, -0.0013945277452604950453747095, 166213.5, -1778.008, -3.194287, 0.02042972, 0.1612821, 623.0151, 2.791935, 1.849036, 96.12124
 
4.210001, 0.01850295, 0.002488158, 286.9301, 9.424299, -0.0007767041982029822414069965, 166595.8, -1778.015, -3.194287, 0.02042972, 0.1612821, 623.9572, 2.791724, 1.8486, 96.15954
 
4.220002, -0.003581353, 0.002673187, 287.1563, 9.432137, -0.0001314776653080247988506308, 166978, -1778.021, -3.194287, 0.02042972, 0.1612821, 624.8992, 2.791516, 1.848165, 96.19785
 
4.230002, -0.02515726, 0.002637374, 287.3813, 9.438966, 0.0005155739586754256465101250, 167360.1, -1778.032, -3.194287, 0.02042972, 0.1612821, 625.8414, 2.79117, 1.847729, 96.23615
 
4.240002, -0.04524198, 0.002385801, 287.6033, 9.444777, 0.0011349091273221506750963771, 167742.1, -1778.036, -3.194287, 0.02042972, 0.1612821, 626.7836, 2.790788, 1.847294, 96.27445
 
4.250002, -0.06300196, 0.001933381, 287.8282, 9.453647, 0.0017006011628466842273075097, 168123.8, -1778.045, -3.194287, 0.02042972, 0.1612821, 627.7258, 2.790416, 1.846858, 96.31276
 
4.260003, -0.07777654, 0.001303362, 288.0483, 9.459467, 0.0021913187953615613005883194, 168505.5, -1778.048, -3.194287, 0.02042972, 0.1612821, 628.6678, 2.790053, 1.846423, 96.35107
 
4.270003, -0.08896794, 0.0005255964, 288.2703, 9.468344, 0.0025871532835400651931271939, 168886.8, -1778.05, -3.194287, 0.02042972, 0.1612821, 629.6099, 2.789702, 1.845988, 96.38937
 
4.280003, -0.09616634, -0.000364083, 288.4882, 9.474169, 0.0028733751369514184680843106, 169268, -1778.052, -3.194287, 0.02042972, 0.1612821, 630.5519, 2.789366, 1.845552, 96.42767
 
4.290003, -0.09911209, -0.001325746, 288.708, 9.482036, 0.0030394355646465703109659637, 169649.1, -1778.058, -3.194287, 0.02042972, 0.1612821, 631.494, 2.789049, 1.845117, 96.46598
 
4.300004, -0.09774952, -0.002316867, 288.9248, 9.488887, 0.0030806696122769127987673445, 170030, -1778.057, -3.194287, 0.02042972, 0.1612821, 632.436, 2.788747, 1.844681, 96.50429
 
4.310004, -0.09225128, -0.003294362, 289.1407, 9.49574, 0.0029990928259735063222288783, 170410.7, -1778.057, -3.194287, 0.02042972, 0.1612821, 633.3781, 2.788461, 1.844246, 96.54259
 
4.320004, -0.08286125, -0.004216875, 289.3572, 9.503617, 0.0027989543354991217544373465, 170791.2, -1778.06, -3.194287, 0.02042972, 0.1612821, 634.3201, 2.788194, 1.843811, 96.58089
 
4.330004, -0.07010077, -0.005045488, 289.5709, 9.510479, 0.0024928217424795481602556137, 171171.4, -1778.058, -3.194287, 0.02042972, 0.1612821, 635.2619, 2.78794, 1.843375, 96.6192
 
4.340004, -0.05452662, -0.005746496, 289.7834, 9.517344, 0.0020946412590995774031153261, 171551.4, -1778.054, -3.194287, 0.02042972, 0.1612821, 636.2037, 2.787698, 1.84294, 96.6575
 
4.350005, -0.0368605, -0.006291762, 289.995, 9.524212, 0.0016235414919125620736284378, 171931.2, -1778.051, -3.194287, 0.02042972, 0.1612821, 637.1456, 2.787467, 1.842504, 96.69581
 
4.360005, -0.01792926, -0.006660367, 290.2061, 9.531082, 0.0011021834240175462042727547, 172310.7, -1778.051, -3.194287, 0.02042972, 0.1612821, 638.0873, 2.787244, 1.842069, 96.73412
 
4.370005, 0.001436371, -0.00683966, 290.4155, 9.537957, 0.0005538688664822091977165918, 172690, -1778.046, -3.194287, 0.02042972, 0.1612821, 639.0289, 2.787023, 1.841634, 96.77242
 
4.380005, 0.02043152, -0.006825296, 290.6249, 9.545858, 0.0000016780242691826306471237, 173069, -1778.04, -3.194287, 0.02042972, 0.1612821, 639.9704, 2.786803, 1.841198, 96.81072
 
4.390006, 0.03820392, -0.00662098, 290.831, 9.551716, -0.0005295256184984340299567205, 173447.8, -1778.033, -3.194287, 0.02042972, 0.1612821, 640.9119, 2.786433, 1.840763, 96.84903
 
4.400006, 0.0539986, -0.006238941, 291.0371, 9.558599, -0.0010171140503369402177932698, 173826.3, -1778.026, -3.194287, 0.02042972, 0.1612821, 641.8531, 2.786069, 1.840327, 96.88734
 
4.410006, 0.06720312, -0.005698955, 291.2441, 9.566514, -0.0014419833291090970976096906, 174204.5, -1778.023, -3.194287, 0.02042972, 0.1612821, 642.7943, 2.785716, 1.839892, 96.92564
 
4.420006, 0.07726045, -0.005026924, 291.4468, 9.572379, -0.0017862530363672856242895690, 174582.4, -1778.013, -3.194287, 0.02042972, 0.1612821, 643.7354, 2.785371, 1.839456, 96.96394
 
4.430007, 0.0837474, -0.00425432, 291.6497, 9.579272, -0.0020355006149095865595911928, 174960.1, -1778.005, -3.194287, 0.02042972, 0.1612821, 644.6764, 2.78504, 1.839021, 97.00225
 
4.440007, 0.08651336, -0.003416846, 291.8524, 9.587198, -0.0021828752990130922335067199, 175337.4, -1777.994, -3.194287, 0.02042972, 0.1612821, 645.6171, 2.784722, 1.838586, 97.04056
 
4.450007, 0.08543907, -0.002551712, 292.0521, 9.59307, -0.0022223375941317583499598328, 175714.5, -1777.983, -3.194287, 0.02042972, 0.1612821, 646.5579, 2.78442, 1.83815, 97.07886
 
4.460007, 0.08065737, -0.001697321, 292.2514, 9.599975, -0.0021549923354781318746227112, 176091.2, -1777.971, -3.194287, 0.02042972, 0.1612821, 647.4983, 2.784132, 1.837715, 97.11716
 
4.470007, 0.07246725, -0.0008907478, 292.4508, 9.607909, -0.0019867855090666437896735748, 176467.6, -1777.959, -3.194287, 0.02042972, 0.1612821, 648.4387, 2.783859, 1.83728, 97.15547
 
4.480008, 0.06122117, -0.0001660752, 292.6469, 9.613791, -0.0017253983844921237327489262, 176843.6, -1777.946, -3.194287, 0.02042972, 0.1612821, 649.3788, 2.783598, 1.836844, 97.19377
 
4.490008, 0.04749357, 0.0004461365, 292.8441, 9.621736, -0.0013850475203021239349539212, 177219.4, -1777.932, -3.194287, 0.02042972, 0.1612821, 650.3189, 2.783349, 1.836409, 97.23208
 
4.500008, 0.03198298, 0.0009210722, 293.04, 9.628653, -0.0009838479073116025484864874, 177594.9, -1777.923, -3.194287, 0.02042972, 0.1612821, 651.2589, 2.78311, 1.835973, 97.27039
 
4.510008, 0.01532584, 0.001240902, 293.2321, 9.634542, -0.0005386173158088130010800292, 177969.9, -1777.903, -3.194287, 0.02042972, 0.1612821, 652.1986, 2.782873, 1.835538, 97.30869
 
4.520009, -0.001729675, 0.00139416, 293.4256, 9.641466, -0.0000697207604587085545744107, 178344.7, -1777.892, -3.194287, 0.02042972, 0.1612821, 653.1383, 2.782644, 1.835103, 97.34699
 
4.530009, -0.01832337, 0.001376864, 293.6181, 9.649426, 0.0003988908248355049695634559, 178719, -1777.876, -3.194287, 0.02042972, 0.1612821, 654.0776, 2.782301, 1.834667, 97.3853
 
4.540009, -0.03385396, 0.00119363, 293.8058, 9.654292, 0.0008500320907607165106805262, 179093.1, -1777.854, -3.194287, 0.02042972, 0.1612821, 655.0168, 2.781939, 1.834232, 97.42361
 
4.550009, -0.0475579, 0.0008550905, 293.9961, 9.662258, 0.0012614858938669848704059331, 179466.7, -1777.836, -3.194287, 0.02042972, 0.1612821, 655.9558, 2.781584, 1.833796, 97.46191
 
4.560009, -0.05892185, 0.0003795115, 294.1831, 9.668161, 0.0016175544135128840762233115, 179839.8, -1777.817, -3.194287, 0.02042972, 0.1612821, 656.8943, 2.781237, 1.833361, 97.50021
 
4.57001, -0.06744437, -0.000209707, 294.3702, 9.675101, 0.0019025387526787228065066977, 180212.7, -1777.799, -3.194287, 0.02042972, 0.1612821, 657.8329, 2.780901, 1.832925, 97.53852
 
4.58001, -0.07277872, -0.0008841507, 294.5579, 9.68101, 0.0021047412863951089065656919, 180585, -1777.798, -3.194287, 0.02042972, 0.1612821, 658.7712, 2.780581, 1.83249, 97.57683
 
4.59001, -0.07479849, -0.001611938, 294.7688, 9.688991, 0.0022183238559355735687014343, 180957.7, -1777.932, -3.194287, 0.02042972, 0.1612821, 659.7103, 2.780312, 1.832055, 97.61513
 
4.60001, -0.07341547, -0.002359923, 294.9754, 9.694905, 0.0022386191291098069674382340, 181330.4, -1778.056, -3.194287, 0.02042972, 0.1612821, 660.6501, 2.780053, 1.831619, 97.65343
 
4.610011, -0.06880271, -0.003094077, 295.1809, 9.701856, 0.0021680938427923597701938697, 181703.3, -1778.17, -3.194287, 0.02042972, 0.1612821, 661.5908, 2.779805, 1.831184, 97.69174
 
4.620011, -0.06120389, -0.003782104, 295.3824, 9.707773, 0.0020112975467259279707126826, 182076.4, -1778.27, -3.194287, 0.02042972, 0.1612821, 662.5324, 2.779564, 1.830749, 97.73004
 
4.630011, -0.05094599, -0.004394143, 295.5848, 9.715772, 0.0017752561636970716397561673, 182449.6, -1778.365, -3.194287, 0.02042972, 0.1612821, 663.4747, 2.779334, 1.830313, 97.76835
 
4.640011, -0.03858699, -0.004903603, 295.7811, 9.720656, 0.0014735893807987398406123100, 182823, -1778.446, -3.194287, 0.02042972, 0.1612821, 664.418, 2.779108, 1.829878, 97.80666
 
4.650012, -0.0246726, -0.005289473, 295.9784, 9.728661, 0.0011199441898710702680605256, 183196.6, -1778.518, -3.194287, 0.02042972, 0.1612821, 665.3619, 2.778887, 1.829442, 97.84496
 
4.660012, -0.009913898, -0.005536199, 296.1726, 9.734591, 0.0007328556109392487801801903, 183570.3, -1778.587, -3.194287, 0.02042972, 0.1612821, 666.3067, 2.778671, 1.829007, 97.88326
 
4.670012, 0.005085163, -0.005635338, 296.3648, 9.741561, 0.0003283771182800126808689661, 183944.1, -1778.64, -3.194287, 0.02042972, 0.1612821, 667.2523, 2.778452, 1.828571, 97.92157
 
4.680012, 0.01958132, -0.005584486, 296.555, 9.748537, -0.0000732555895031803935112628, 184318.1, -1778.685, -3.194287, 0.02042972, 0.1612821, 668.1987, 2.77821, 1.828136, 97.95988
 
4.690012, 0.03293393, -0.005388673, 296.7422, 9.754474, -0.0004542044552767112735339574, 184692.1, -1778.723, -3.194287, 0.02042972, 0.1612821, 669.1459, 2.777876, 1.827701, 97.99818
 
4.700013, 0.04455521, -0.005059334, 296.9283, 9.761455, -0.0007976288455268739110468684, 185066.4, -1778.75, -3.194287, 0.02042972, 0.1612821, 670.094, 2.777545, 1.827265, 98.03648
 
4.710013, 0.05400645, -0.004613781, 297.1114, 9.767396, -0.0010903512214096259607011808, 185440.7, -1778.77, -3.194287, 0.02042972, 0.1612821, 671.0428, 2.777219, 1.82683, 98.07479
 
4.720013, 0.06080608, -0.004073717, 297.2937, 9.774384, -0.0013177479958808101516504537, 185815.3, -1778.781, -3.194287, 0.02042972, 0.1612821, 671.9925, 2.776899, 1.826394, 98.11309
 
4.730013, 0.06476296, -0.003465656, 297.4719, 9.780332, -0.0014727996158145355164655327, 186189.8, -1778.778, -3.194287, 0.02042972, 0.1612821, 672.9428, 2.776586, 1.825959, 98.1514
 
4.740014, 0.06575473, -0.002818026, 297.6503, 9.787324, -0.0015502168607519915066285381, 186564.6, -1778.774, -3.194287, 0.02042972, 0.1612821, 673.8941, 2.776283, 1.825523, 98.1897
 
4.750014, 0.0637572, -0.002160479, 297.8235, 9.792231, -0.0015473379560557722107320306, 186939.4, -1778.754, -3.194287, 0.02042972, 0.1612821, 674.846, 2.775987, 1.825088, 98.22801
 
4.760014, 0.0588404, -0.001522907, 297.9989, 9.800274, -0.0014640121211083862450712347, 187314.3, -1778.733, -3.194287, 0.02042972, 0.1612821, 675.7989, 2.775702, 1.824653, 98.26631
 
4.770014, 0.0513749, -0.000934503, 298.1685, 9.805187, -0.0013082804742299155440282655, 187689.4, -1778.7, -3.194287, 0.02042972, 0.1612821, 676.7526, 2.775424, 1.824217, 98.30462
 
4.780015, 0.04176047, -0.000420754, 298.3381, 9.812191, -0.0010892024766141075115898499, 188064.5, -1778.657, -3.194287, 0.02042972, 0.1612821, 677.7069, 2.775151, 1.823782, 98.34293
 
4.790015, 0.03038266, -3.149284E-06, 298.5066, 9.8192, -0.0008157161597214775751605191, 188439.8, -1778.613, -3.194287, 0.02042972, 0.1612821, 678.6622, 2.774887, 1.823347, 98.38123
 
4.800015, 0.01786648, 0.0003006773, 298.6715, 9.825166, -0.0005034390953081030886265588, 188815.2, -1778.556, -3.194287, 0.02042972, 0.1612821, 679.6183, 2.774625, 1.822911, 98.41953
 
4.810015, 0.004728671, 0.0004793421, 298.8344, 9.831131, -0.0001654780794423783080521730, 189190.6, -1778.49, -3.194287, 0.02042972, 0.1612821, 680.575, 2.774363, 1.822476, 98.45784
 
4.820015, -0.008388353, 0.0005266288, 298.9953, 9.837102, 0.0001813871847065149210841083, 189566.1, -1778.418, -3.194287, 0.02042972, 0.1612821, 681.5327, 2.77405, 1.82204, 98.49615
 
4.830016, -0.02087973, 0.0004427453, 299.1556, 9.844121, 0.0005210214506638285625235046, 189941.8, -1778.339, -3.194287, 0.02042972, 0.1612821, 682.4911, 2.773688, 1.821605, 98.53445
 
4.840016, -0.03211784, 0.000233948, 299.313, 9.851145, 0.0008362582801830787365064970, 190317.5, -1778.247, -3.194287, 0.02042972, 0.1612821, 683.4502, 2.773326, 1.821169, 98.57275
 
4.850016, -0.04170126, -8.723047E-05, 299.4674, 9.856071, 0.0011155350749723908692728348, 190693.2, -1778.153, -3.194287, 0.02042972, 0.1612821, 684.4102, 2.772969, 1.820734, 98.61106
 
4.860016, -0.04918038, -0.0005042431, 299.6231, 9.864152, 0.0013457650282776974567107786, 191069.1, -1778.053, -3.194287, 0.02042972, 0.1612821, 685.3711, 2.772617, 1.820299, 98.64936
 
4.870017, -0.05424449, -0.0009960469, 299.7731, 9.869083, 0.0015172656250159310714772589, 191445.2, -1777.94, -3.194287, 0.02042972, 0.1612821, 686.3329, 2.772269, 1.819863, 98.68767
 
4.880017, -0.05672382, -0.001538492, 299.9242, 9.876119, 0.0016238936458929535543430800, 191821.4, -1777.825, -3.194287, 0.02042972, 0.1612821, 687.2956, 2.771931, 1.819428, 98.72598
 
4.890017, -0.05648834, -0.00210573, 300.0716, 9.882105, 0.0016604683757720170762951801, 192197.7, -1777.698, -3.194287, 0.02042972, 0.1612821, 688.2592, 2.771598, 1.818992, 98.76428
 
4.900017, -0.05363564, -0.002670613, 300.2177, 9.888092, 0.0016277368994823526190266878, 192574, -1777.569, -3.194287, 0.02042972, 0.1612821, 689.2235, 2.771276, 1.818557, 98.80258
 
4.910017, -0.04832129, -0.00320697, 300.3616, 9.894085, 0.0015280505526520971339557264, 192950.4, -1777.429, -3.194287, 0.02042972, 0.1612821, 690.1887, 2.770959, 1.818122, 98.84089
 
4.920018, -0.04088187, -0.003690183, 300.5035, 9.900078, 0.0013686253869092374813790659, 193327, -1777.281, -3.194287, 0.02042972, 0.1612821, 691.1548, 2.770648, 1.817686, 98.8792
 
4.930018, -0.03161233, -0.004099001, 300.6437, 9.906074, 0.0011558109550257470452025853, 193703.5, -1777.128, -3.194287, 0.02042972, 0.1612821, 692.1216, 2.770344, 1.817251, 98.9175
 
4.940018, -0.02106582, -0.004415125, 300.7823, 9.912073, 0.0009029049738046922587526664, 194080.2, -1776.968, -3.194287, 0.02042972, 0.1612821, 693.0894, 2.770043, 1.816815, 98.9558
 
4.950018, -0.009694839, -0.004625783, 300.9189, 9.918074, 0.0006209266374298945059168378, 194456.8, -1776.802, -3.194287, 0.02042972, 0.1612821, 694.0577, 2.769745, 1.81638, 98.99411
 
4.960019, 0.001917889, -0.004722731, 301.055, 9.925133, 0.0003245757930441240931237396, 194833.6, -1776.63, -3.194287, 0.02042972, 0.1612821, 695.0271, 2.769448, 1.815945, 99.03241
 
4.970019, 0.01325069, -0.004703552, 301.1872, 9.930082, 0.0000273176663077878346167405, 195210.5, -1776.452, -3.194287, 0.02042972, 0.1612821, 695.9974, 2.769148, 1.815509, 99.07072
 
4.980019, 0.02379396, -0.004571046, 301.3196, 9.937146, -0.0002573883172223212667239676, 195587.4, -1776.267, -3.194287, 0.02042972, 0.1612821, 696.9684, 2.768772, 1.815074, 99.10902
 
4.990019, 0.0330263, -0.004333106, 301.4485, 9.942099, -0.0005154757088596639437513295, 195964.5, -1776.076, -3.194287, 0.02042972, 0.1612821, 697.9402, 2.768389, 1.814638, 99.14733
 
5.00002, 0.04062581, -0.004002844, 301.5766, 9.949169, -0.0007376904769381842742096210, 196341.5, -1775.873, -3.194287, 0.02042972, 0.1612821, 698.9131, 2.768008, 1.814203, 99.18563
 
5.01002, 0.04618071, -0.003596585, 301.703, 9.955184, -0.0009122559786031697846885225, 196718.6, -1775.671, -3.194287, 0.02042972, 0.1612821, 699.8867, 2.767634, 1.813768, 99.22394
 
5.02002, 0.04944377, -0.003134778, 301.8277, 9.961201, -0.0010314011933202130282328336, 197095.8, -1775.462, -3.194287, 0.02042972, 0.1612821, 700.8611, 2.767266, 1.813332, 99.26225
 
5.03002, 0.0503454, -0.002640341, 301.9487, 9.966161, -0.0010917991031465595335480921, 197473, -1775.242, -3.194287, 0.02042972, 0.1612821, 701.8365, 2.766903, 1.812897, 99.30054
 
5.04002, 0.04888868, -0.002136887, 302.07, 9.97324, -0.0010919554306487252419294734, 197850.1, -1775.016, -3.194287, 0.02042972, 0.1612821, 702.8125, 2.766547, 1.812462, 99.33885
 
5.050021, 0.04518401, -0.001648, 302.1899, 9.979264, -0.0010331507600332847698447012, 198227.5, -1774.792, -3.194287, 0.02042972, 0.1612821, 703.7894, 2.7662, 1.812026, 99.37716
 
5.060021, 0.03941436, -0.00119616, 302.3068, 9.985291, -0.0009186210819828653078988369, 198604.8, -1774.554, -3.194287, 0.02042972, 0.1612821, 704.7672, 2.765858, 1.811591, 99.41547
 
5.070021, 0.03193828, -0.0008020162, 302.4223, 9.991319, -0.0007562145571652012067975175, 198982, -1774.313, -3.194287, 0.02042972, 0.1612821, 705.7457, 2.76552, 1.811155, 99.45377
 
5.080021, 0.02307068, -0.0004826334, 302.535, 9.996289, -0.0005528971129346072653694426, 199359.3, -1774.066, -3.194287, 0.02042972, 0.1612821, 706.725, 2.765188, 1.81072, 99.49207
 
5.090022, 0.01331221, -0.0002519266, 302.647, 10.00232, -0.0003205808602963823324399599, 199736.7, -1773.813, -3.194287, 0.02042972, 0.1612821, 707.7053, 2.764857, 1.810284, 99.53038
 
5.100022, 0.003126522, -0.0001188045, 302.7575, 10.00836, -0.0000705445791651093598225389, 200114.1, -1773.554, -3.194287, 0.02042972, 0.1612821, 708.6864, 2.764528, 1.809849, 99.56868
 
5.110022, -0.007021374, -8.753925E-05, 302.8653, 10.01333, 0.0001856230821704956500660195, 200491.4, -1773.292, -3.194287, 0.02042972, 0.1612821, 709.6682, 2.764144, 1.809414, 99.60699
 
5.120022, -0.01670043, -0.000157753, 302.9735, 10.02043, 0.0004369304756153189511588726, 200868.8, -1773.023, -3.194287, 0.02042972, 0.1612821, 710.6508, 2.76374, 1.808978, 99.64529
 
5.130023, -0.02538428, -0.0003247573, 303.078, 10.02541, 0.0006696719890662782040680168, 201246.1, -1772.75, -3.194287, 0.02042972, 0.1612821, 711.6343, 2.763336, 1.808543, 99.6836
 
5.140023, -0.03267185, -0.0005786001, 303.1822, 10.03146, 0.0008729931642758390603139526, 201623.6, -1772.472, -3.194287, 0.02042972, 0.1612821, 712.6188, 2.762935, 1.808107, 99.7219
 
5.150023, -0.03827178, -0.0009053187, 303.2834, 10.0375, 0.0010385772107943373244333058, 202000.8, -1772.183, -3.194287, 0.02042972, 0.1612821, 713.6038, 2.762537, 1.807672, 99.76021
 
5.160023, -0.04195957, -0.001288036, 303.3831, 10.04248, 0.0011596150425178789096260443, 202378.2, -1771.895, -3.194287, 0.02042972, 0.1612821, 714.5898, 2.762145, 1.807237, 99.79852
 
5.170023, -0.04352795, -0.001707632, 303.4815, 10.04853, 0.0012296141962816763871831487, 202755.5, -1771.597, -3.194287, 0.02042972, 0.1612821, 715.5767, 2.761757, 1.806801, 99.83681
 
5.180024, -0.0429735, -0.002142912, 303.579, 10.05458, 0.0012470903742525029555206407, 203133, -1771.298, -3.194287, 0.02042972, 0.1612821, 716.5645, 2.761377, 1.806366, 99.87512
 
5.190024, -0.04037335, -0.002572647, 303.6741, 10.06064, 0.0012126061113143461220852706, 203510.3, -1770.99, -3.194287, 0.02042972, 0.1612821, 717.5529, 2.761002, 1.80593, 99.91343
 
5.200024, -0.0359117, -0.00297638, 303.7674, 10.06563, 0.0011294613209822887003828843, 203887.6, -1770.682, -3.194287, 0.02042972, 0.1612821, 718.5422, 2.760634, 1.805495, 99.95174
 
5.210024, -0.02977355, -0.003335497, 303.8595, 10.07169, 0.0010011092534411086200451268, 204264.9, -1770.365, -3.194287, 0.02042972, 0.1612821, 719.5325, 2.760269, 1.80506, 99.99004
 
5.220025, -0.02233127, -0.003633233, 303.9497, 10.07775, 0.0008358083485945497861982931, 204642.2, -1770.043, -3.194287, 0.02042972, 0.1612821, 720.5235, 2.759908, 1.804624, 100.0283
 
5.230025, -0.01394979, -0.003856545, 304.0388, 10.08381, 0.0006418676186137010272474834, 205019.5, -1769.717, -3.194287, 0.02042972, 0.1612821, 721.5154, 2.759551, 1.804189, 100.0667
 
5.240025, -0.005046738, -0.003996043, 304.1249, 10.08881, 0.0004291359599216119440983072, 205396.7, -1769.386, -3.194287, 0.02042972, 0.1612821, 722.5082, 2.759195, 1.803753, 100.1049
 
5.250025, 0.003974663, -0.004046511, 304.2108, 10.09487, 0.0002073623498348217637908343, 205773.9, -1769.051, -3.194287, 0.02042972, 0.1612821, 723.5017, 2.758838, 1.803318, 100.1433
 
5.260026, 0.01267928, -0.004006764, 304.2939, 10.09987, -0.0000126711661938506242548508, 206151.1, -1768.711, -3.194287, 0.02042972, 0.1612821, 724.4962, 2.758477, 1.802883, 100.1816
 
5.270026, 0.02063814, -0.003879972, 304.3766, 10.10594, -0.0002200837456805357641809448, 206528.1, -1768.367, -3.194287, 0.02042972, 0.1612821, 725.4913, 2.758055, 1.802447, 100.2199
 
5.280026, 0.02745933, -0.00367359, 304.4555, 10.10987, -0.0004046549824024606571316960, 206905.1, -1768.019, -3.194287, 0.02042972, 0.1612821, 726.4873, 2.757636, 1.802012, 100.2582
 
5.290026, 0.03287886, -0.003398997, 304.5362, 10.11702, -0.0005590776762230307938565688, 207282, -1767.666, -3.194287, 0.02042972, 0.1612821, 727.4839, 2.757219, 1.801576, 100.2965
 
5.300026, 0.03658079, -0.003070208, 304.6131, 10.12203, -0.0006746119720526563740268794, 207658.9, -1767.31, -3.194287, 0.02042972, 0.1612821, 728.4816, 2.756807, 1.801141, 100.3348
 
5.310027, 0.03847622, -0.0027044, 304.6877, 10.12703, -0.0007479391172331727914916298, 208035.8, -1766.944, -3.194287, 0.02042972, 0.1612821, 729.4802, 2.756398, 1.800706, 100.3731
 
5.320027, 0.03853953, -0.002319638, 304.7626, 10.13311, -0.0007772515403804476955596534, 208412.4, -1766.579, -3.194287, 0.02042972, 0.1612821, 730.4793, 2.755997, 1.80027, 100.4114
 
5.330027, 0.03670277, -0.001934243, 304.8352, 10.13812, -0.0007596990804031968346298374, 208789.1, -1766.211, -3.194287, 0.02042972, 0.1612821, 731.4794, 2.7556, 1.799835, 100.4497
 
5.340027, 0.03318568, -0.001567215, 304.9063, 10.14421, -0.0006994757033009786181119680, 209165.8, -1765.833, -3.194287, 0.02042972, 0.1612821, 732.4805, 2.755208, 1.799399, 100.488
 
5.350028, 0.02816741, -0.001235358, 304.9747, 10.14814, -0.0005999171801207787634089843, 209542.4, -1765.456, -3.194287, 0.02042972, 0.1612821, 733.4824, 2.754821, 1.798964, 100.5263
 
5.360028, 0.02187913, -0.0009536842, 305.044, 10.15531, -0.0004657532486724274539006075, 209918.8, -1765.071, -3.194287, 0.02042972, 0.1612821, 734.4849, 2.754437, 1.798529, 100.5646
 
5.370028, 0.01462688, -0.0007348928, 305.1097, 10.16032, -0.0003036916209250846489220876, 210295.2, -1764.682, -3.194287, 0.02042972, 0.1612821, 735.4884, 2.754055, 1.798093, 100.6029
 
5.380028, 0.006838028, -0.000588624, 305.1746, 10.16534, -0.0001235954042489496245293167, 210671.5, -1764.293, -3.194287, 0.02042972, 0.1612821, 736.4927, 2.753677, 1.797658, 100.6412
 
5.390028, -0.001129199, -0.0005202438, 305.2384, 10.17143, 0.0000661024047181186704859674, 211047.8, -1763.897, -3.194287, 0.02042972, 0.1612821, 737.498, 2.753278, 1.797222, 100.6795
 
5.400029, -0.008918618, -0.0005315358, 305.2996, 10.17645, 0.0002568198230728625665383494, 211424, -1763.496, -3.194287, 0.02042972, 0.1612821, 738.5042, 2.752841, 1.796787, 100.7178
 
5.410029, -0.0161409, -0.000620722, 305.3604, 10.18255, 0.0004389420411386009832487797, 211800, -1763.092, -3.194287, 0.02042972, 0.1612821, 739.5109, 2.752404, 1.796352, 100.7561
 
5.420029, -0.02241473, -0.000782131, 305.4176, 10.18649, 0.0006028084683621016116200726, 212175.9, -1762.685, -3.194287, 0.02042972, 0.1612821, 740.5186, 2.751969, 1.795916, 100.7944
 
5.430029, -0.02748197, -0.001006278, 305.4755, 10.1926, 0.0007415247650728967416406497, 212551.7, -1762.274, -3.194287, 0.02042972, 0.1612821, 741.5272, 2.751536, 1.795481, 100.8327
 
5.44003, -0.03109462, -0.001281098, 305.5319, 10.1987, 0.0008482899440456054897612454, 212927.3, -1761.859, -3.194287, 0.02042972, 0.1612821, 742.5364, 2.751107, 1.795045, 100.8711
 
5.45003, -0.03312309, -0.001592044, 305.5846, 10.20265, 0.0009190263709334247365636982, 213302.8, -1761.44, -3.194287, 0.02042972, 0.1612821, 743.5465, 2.750683, 1.79461, 100.9094
 
5.46003, -0.0335207, -0.001923275, 305.6372, 10.20767, 0.0009515933826745384434357052, 213678.4, -1761.019, -3.194287, 0.02042972, 0.1612821, 744.5576, 2.750262, 1.794174, 100.9477
 
5.47003, -0.03226024, -0.002258482, 305.688, 10.2127, 0.0009442995443451400649526476, 214053.6, -1760.594, -3.194287, 0.02042972, 0.1612821, 745.5692, 2.749847, 1.793739, 100.986
 
5.480031, -0.02942739, -0.002581085, 305.7379, 10.21881, 0.0008981692675828367533621323, 214428.7, -1760.162, -3.194287, 0.02042972, 0.1612821, 746.5818, 2.749434, 1.793304, 101.0243
 
5.490031, -0.02516692, -0.002875359, 305.786, 10.22385, 0.0008157016189693290419185680, 214803.8, -1759.73, -3.194287, 0.02042972, 0.1612821, 747.5953, 2.749028, 1.792868, 101.0626
 
5.500031, -0.0197279, -0.003127028, 305.8315, 10.22779, 0.0007020052181153988376879452, 215178.7, -1759.294, -3.194287, 0.02042972, 0.1612821, 748.6094, 2.748626, 1.792433, 101.1009
 
5.510031, -0.01342017, -0.003324307, 305.8771, 10.23391, 0.0005638030234850333302044132, 215553.3, -1758.853, -3.194287, 0.02042972, 0.1612821, 749.6246, 2.748224, 1.791998, 101.1392
 
5.520031, -0.006585918, -0.003458509, 305.9209, 10.23895, 0.0004087740675366966913568731, 215928, -1758.411, -3.194287, 0.02042972, 0.1612821, 750.6406, 2.747825, 1.791562, 101.1775
 
5.530032, 0.0005101342, -0.003524368, 305.9623, 10.24398, 0.0002429528552120120034296692, 216302.4, -1757.961, -3.194287, 0.02042972, 0.1612821, 751.6573, 2.747426, 1.791127, 101.2158
 
5.540032, 0.007409769, -0.003519266, 306.0035, 10.24902, 0.0000771581987798891098052469, 216676.7, -1757.515, -3.194287, 0.02042972, 0.1612821, 752.6749, 2.747027, 1.790691, 101.2541
 
5.550032, 0.0138691, -0.003445169, 306.0432, 10.25515, -0.0000826428479801145323298069, 217050.7, -1757.059, -3.194287, 0.02042972, 0.1612821, 753.6932, 2.7466, 1.790256, 101.2924
 
5.560032, 0.01953148, -0.003306478, 306.0794, 10.2591, -0.0002276615077238136806856148, 217424.7, -1756.601, -3.194287, 0.02042972, 0.1612821, 754.7124, 2.746151, 1.78982, 101.3307
 
5.570033, 0.02415686, -0.003111163, 306.1163, 10.26414, -0.0003516581498938723957003636, 217798.5, -1756.145, -3.194287, 0.02042972, 0.1612821, 755.7326, 2.745706, 1.789385, 101.369
 
5.580033, 0.02756047, -0.002869594, 306.1517, 10.27027, -0.0004495754952620062789823782, 218172, -1755.68, -3.194287, 0.02042972, 0.1612821, 756.7534, 2.745263, 1.78895, 101.4073
 
5.590033, 0.02952884, -0.00259399, 306.1839, 10.27423, -0.0005155655128288424473190400, 218545.5, -1755.214, -3.194287, 0.02042972, 0.1612821, 757.7751, 2.744823, 1.788514, 101.4456
 
5.600033, 0.0300335, -0.002298701, 306.2167, 10.28036, -0.0005480466699421575439668753, 218918.8, -1754.744, -3.194287, 0.02042972, 0.1612821, 758.7978, 2.744387, 1.788079, 101.4839
 
5.610034, 0.02906264, -0.001998366, 306.2459, 10.28432, -0.0005458277117356351458625506, 219291.8, -1754.271, -3.194287, 0.02042972, 0.1612821, 759.821, 2.743955, 1.787644, 101.5222
 
5.620034, 0.0266778, -0.00170774, 306.2758, 10.29045, -0.0005094465709732588296186572, 219664.6, -1753.796, -3.194287, 0.02042972, 0.1612821, 760.8453, 2.743528, 1.787208, 101.5605
 
5.630034, 0.02304543, -0.001440962, 306.3023, 10.29441, -0.0004419682465215861363451505, 220037.2, -1753.318, -3.194287, 0.02042972, 0.1612821, 761.8701, 2.743104, 1.786773, 101.5988
 
5.640034, 0.01833784, -0.001210508, 306.3285, 10.29946, -0.0003466964224537933329151607, 220409.5, -1752.837, -3.194287, 0.02042972, 0.1612821, 762.8958, 2.742684, 1.786337, 101.6372
 
5.650034, 0.01285702, -0.001027129, 306.3521, 10.30342, -0.0002300999453852771643275843, 220781.8, -1752.353, -3.194287, 0.02042972, 0.1612821, 763.9225, 2.742266, 1.785902, 101.6755
 
5.660035, 0.006857879, -0.0008985593, 306.3767, 10.30957, -0.0000977177928655954518218216, 221153.8, -1751.868, -3.194287, 0.02042972, 0.1612821, 764.9501, 2.74185, 1.785466, 101.7138
 
5.670035, 0.0006594415, -0.0008299805, 306.3969, 10.31353, 0.0000432508309047571163287983, 221525.6, -1751.375, -3.194287, 0.02042972, 0.1612821, 765.9782, 2.741419, 1.785031, 101.7521
 
5.680035, -0.005517, -0.0008233861, 306.4172, 10.31858, 0.0001877249215676226284784062, 221897, -1750.882, -3.194287, 0.02042972, 0.1612821, 767.0073, 2.740959, 1.784596, 101.7904
 
5.690035, -0.01129771, -0.000878556, 306.4366, 10.32364, 0.0003269112622888552582611229, 222268.4, -1750.389, -3.194287, 0.02042972, 0.1612821, 768.0372, 2.7405, 1.78416, 101.8287
 
5.700036, -0.01639018, -0.0009915332, 306.4526, 10.3276, 0.0004536976665457818650253407, 222639.6, -1749.887, -3.194287, 0.02042972, 0.1612821, 769.0682, 2.740039, 1.783725, 101.867
 
5.710036, -0.02056516, -0.001155435, 306.4692, 10.33266, 0.0005622805527816619919198251, 223010.4, -1749.388, -3.194287, 0.02042972, 0.1612821, 770.0997, 2.739582, 1.783289, 101.9053
 
